6095 3344
23939 290
23481 832
21779 3325
214 987
19940 2512
7895 2039
6532 768
9018 4279
21831 1043
17121 4050
6443 3832
7247 3824
21167 2361
14709 1238
15227 4893
7899 1100
13385 1630
25176 4786
7246 3033
22927 4854
4036 660
15667 2302
15258 3019
16818 2822
24696 96
17192 2137
20478 1108
1969 5155
23492 4446
19927 2490
22502 1034
20574 1081
12247 1402
1841 634
17590 1453
23810 3611
20053 3281
14621 4629
23248 3721
25382 813
17560 3989
19355 1925
11194 2173
8116 654
21017 2808
6626 3714
18685 4124
25839 4552
12512 5059
24939 233
4775 1853
21778 2741
24877 3830
5717 344
23266 2403
14094 4907
17731 2452
4034 5064
16568 2517
20960 2816
1323 1751
8978 1633
13483 3639
7959 3310
1248 1745
9216 1310
7483 3854
21712 2646
2338 1046
12491 2418
7807 4649
5794 919
4834 4081
12640 4298
9723 3272
17443 1559
12453 1483
12611 2993
24589 2534
24640 3042
20231 2110
21162 1907
22245 2258
2476 4431
11490 1941
20807 4616
20534 315
6512 1016
16817 1439
13615 702
12712 2965
19502 5179
5136 805
21695 3892
20065 1302
21861 2029
19102 4349
23683 1838
17782 4915
24616 2112
3716 972
8718 685
2186 3937
12106 3392
7536 4673
12720 1932
20533 2222
358 3725
11696 1122
5621 298
4493 2010
25849 4527
25435 2638
21864 2356
24762 1747
23614 215
22691 366
11971 4922
1727 878
23870 3236
21316 74
18037 1569
14182 5029
2341 946
376 4242
19219 1741
3102 4360
3996 2219
3502 1248
6702 1940
12675 1819
20954 956
3096 163
12498 687
6161 4591
5218 680
8298 2673
14282 3857
16015 5201
6158 1639
22466 3909
14175 5034
19573 721
11944 2944
4141 3277
9890 3257
24183 3512
1311 1894
19248 2882
21310 4521
18271 2684
29 3213
15159 174
7911 2070
23665 1655
14627 398
10130 428
9143 997
23461 4848
11444 1643
25378 1768
5119 4744
2512 255
23553 4494
16314 5026
16429 2945
1321 1895
6913 2320
4182 1903
17149 2733
6892 713
15659 468
15251 689
21814 4066
78 1504
12842 1036
20414 4217
7485 1285
17162 2261
16101 816
18560 3231
11459 3862
22393 228
2143 2934
20261 3055
24593 4508
1107 4398
2535 1049
4250 2963
9518 4936
18587 2986
22421 646
18942 3598
16554 2476
12787 4291
8811 4658
16891 4653
11066 3670
9066 2717
19580 1039
6380 3274
4967 1828
22798 484
17019 4049
13832 4154
1024 2325
19184 1468
1667 990
5519 3401
10381 1035
25491 2914
17250 541
10382 4978
22381 4958
24506 3458
8774 2389
12235 4130
16270 1840
10923 2375
2316 3749
19440 4249
13276 269
8352 1965
14497 975
19450 4234
14181 1659
18235 177
2136 3933
18158 2350
19870 123
22696 2969
22620 1409
3164 1183
4575 397
10824 2251
13992 4054
11528 4232
15366 1579
17581 3632
19084 53
20915 889
21825 3602
14543 4230
21550 4030
17293 4707
715 2475
20422 4820
2952 444
20149 2263
17275 414
24280 3039
12735 2340
2249 139
836 1376
1878 5189
12213 5149
6911 2494
9944 2460
16131 3607
9514 3271
4015 858
12874 2627
22312 4900
14414 2948
12849 2474
9893 4017
20253 2729
7603 4726
731 553
23084 4491
18396 2107
3818 4737
22894 892
4426 4587
14154 3409
19257 4791
25534 3694
18952 2108
20316 2133
22832 748
16162 1312
11951 1877
23154 4202
20517 1164
18154 3341
11447 1104
13717 5009
19015 4205
15477 1007
9862 1358
7311 3813
9432 1738
19378 4314
6226 3760
20668 4139
19170 4751
20558 4289
5510 605
25528 669
16358 4937
16485 2577
21028 4480
8310 3656
10996 728
179 1472
19351 2198
14498 3018
9962 4381
7384 533
13029 2651
2749 5195
18681 1225
23225 2744
2984 4425
18941 2073
16726 563
21824 572
13597 561
114 2800
18971 312
2997 3917
22457 590
6638 2449
20309 5166
18790 1107
4261 3894
20320 5103
20168 336
5287 407
16087 3250
12121 4795
15161 3767
23387 495
8000 3136
748 2981
19256 3883
11844 3745
8596 3202
7452 2710
11196 4750
9039 4998
13635 3203
18098 4511
22110 5044
8446 2043
12423 3592
2409 4863
23264 1706
570 437
15683 569
5479 4614
9312 4001
19697 3319
9458 48
2982 614
24474 4104
12324 1644
25287 4380
14970 3302
14096 4201
17981 3258
2656 3780
18742 3220
80 3111
773 438
7597 4572
3850 3435
6527 2016
18764 3472
21508 481
8408 1557
25217 4478
5636 2542
4488 4051
23776 2284
12743 2645
17089 2331
23346 1544
19314 5222
12676 4844
7525 4087
11037 4833
18585 2466
11623 4903
4319 2150
14430 1721
8472 5156
25648 3446
7957 4626
24402 2297
22021 4659
8871 3122
18623 194
21848 1808
23841 860
9255 1301
18381 2578
13319 598
9869 1061
23751 940
19221 5002
9943 1148
25863 1022
25661 3758
20914 4393
5352 2595
15246 4757
925 4185
20772 3720
11472 457
17157 3051
1595 339
19383 3904
19161 1042
1186 554
23226 4370
25877 3390
21660 3973
5366 1608
18580 193
16922 5134
5164 1331
1711 1545
20046 2456
22048 4476
18908 5233
8558 5008
19509 4704
1267 2864
12887 3891
14834 1381
25143 81
26 1353
4952 1239
10655 2926
2340 3393
23412 2635
3922 377
1327 1020
26130 4016
10251 772
17988 2545
4383 1276
23687 4706
19126 4117
18183 4926
11969 4694
2080 3562
11898 2777
18275 4221
19517 2392
15252 3403
8888 1680
17346 4889
12866 2827
18579 602
13175 3149
26092 4520
8307 4946
2223 4980
23775 4470
16831 2433
23240 3557
7025 1041
19568 2487
16347 1948
17794 949
5387 5037
21579 4641
9986 2450
1695 4513
26013 3071
6541 3013
1279 4067
23577 127
5409 4808
22147 3067
2127 2405
6529 3092
17233 2210
15642 4664
8669 5147
25235 2204
21777 3374
2950 3417
19167 2612
22721 1040
7854 3744
8448 4088
17536 801
5411 1978
18209 2121
19489 1127
16357 1850
12306 1176
24942 3327
13470 1254
12788 2023
26173 2980
16389 1435
16393 4976
13 5226
14 5238
22 5152
24 4975
25 5237
27 4974
28 5236
16414 2401
16415 5151
45 445
46 1079
16433 5225
62 4729
65 4507
70 5241
71 5235
74 5240
75 5234
81 5239
82 5232
85 5231
16469 2869
16470 5230
88 1078
16471 5200
16475 5199
93 5224
95 5198
97 5191
98 5229
16482 4193
16483 5190
16484 5228
16486 5188
106 4973
16495 5150
16496 5187
113 4967
115 5186
16498 4966
16505 5223
122 4752
123 5227
124 5178
16506 5209
16511 4965
128 4964
16513 5220
135 3934
16521 4963
16523 5219
140 5148
141 4939
142 5177
16543 4302
161 4933
16545 5174
163 5173
164 5172
165 5169
16553 4932
178 4140
16563 4930
16565 4929
183 5218
185 1899
16570 4916
187 5168
188 5167
16575 5146
192 4914
193 4913
194 5217
195 5097
16576 5216
197 5165
199 5164
200 3533
16584 4912
205 4827
16589 5221
16590 2879
16594 2414
215 1491
16598 4908
16607 4906
16608 5096
16609 5215
16611 4756
231 2417
232 5214
16620 5095
16621 5161
238 4905
16622 5213
16624 5094
244 4379
245 5160
252 5212
253 5069
254 5211
16640 4377
16643 5210
260 5125
16644 5208
16647 5068
16648 5207
16649 5067
267 5058
16651 4904
269 5057
16654 1073
16655 5056
272 4754
16659 5021
281 4057
283 5159
284 5206
16674 3328
16675 5205
16676 5158
293 5157
294 5204
299 5124
302 5143
309 5123
16694 3817
312 5142
16696 5141
315 5203
16703 4866
320 4739
321 5138
16708 4865
16717 4373
16718 5137
16719 5136
16722 4363
339 2093
16727 4153
16728 4864
345 3105
16729 5202
16730 2875
348 5119
350 5108
351 1463
352 5015
357 4862
16741 4125
360 5012
16742 5197
16743 4991
16747 5122
364 4847
365 5121
16749 4945
16751 5196
369 5120
16754 4506
16755 4944
372 5194
373 5193
374 5192
375 5185
16756 5107
379 5106
380 4943
16765 4821
16766 4941
385 4376
16770 4940
392 5184
16778 3276
16779 5093
396 4760
16783 5092
400 5183
403 5182
408 5091
409 4938
410 5181
414 5180
16800 5176
16801 5175
16802 5079
16803 4918
16819 5078
16820 5077
16823 4894
16830 4892
449 931
450 5171
16834 5072
16835 5071
16837 5170
16853 4891
16858 4882
482 2878
16872 4873
491 3675
492 3531
16876 4122
16877 4872
495 4759
16881 3637
16882 3530
500 3180
16886 4871
16888 4755
16889 5163
16890 5162
16892 5070
510 5066
16899 4742
16900 4870
16906 4741
523 5055
16921 3331
543 2338
546 5054
547 5065
16931 3094
16932 5053
16935 4846
16937 5050
16940 4845
16941 5154
16945 5153
16946 4832
16953 4830
16955 4828
573 4596
574 5049
16957 5145
16958 5144
16962 5048
16963 5140
580 5043
16967 3084
16971 5042
16976 3672
593 2420
598 5139
16994 2296
615 2199
17001 4375
17006 4594
624 1417
628 5135
17015 4972
17016 5041
17017 5133
17021 5036
17022 3529
639 3935
17038 1384
17039 4817
676 1201
677 5035
17075 2225
17076 5132
17082 4271
17086 4571
17090 5033
17099 5131
717 5130
727 4374
17113 3117
17114 5032
17116 4954
733 5031
734 5129
735 5128
17118 5023
17120 5127
17122 5126
17124 4931
17125 4778
17126 5022
743 3621
17127 4743
17131 4740
749 5118
750 5018
751 5117
17134 3620
17135 5017
17137 4540
17141 5116
17156 4738
17158 4716
17161 5016
778 4710
17163 4709
782 4708
787 5014
17172 3025
17173 5115
17174 5114
17178 4523
17179 5013
17180 5113
17182 5112
800 4997
17187 4819
17189 4509
17191 5111
17194 4816
811 3619
820 4996
822 4993
17207 4123
824 2877
17208 4992
830 4985
831 5110
832 2555
833 5109
834 4703
839 4982
844 4981
17228 2665
17231 4955
851 4308
17235 4953
853 4505
17237 5105
855 5104
17240 4952
17245 4292
864 5102
17248 4701
866 4951
17249 5101
869 4748
17251 5100
17252 4699
880 4678
882 4461
17266 3618
884 4950
885 4671
17268 4427
887 4949
888 3955
17273 4735
890 4948
17274 4947
17276 4935
894 4734
17277 4634
896 4733
17280 4421
899 4633
17285 3834
17286 4361
17289 4920
17290 5099
17291 4919
17294 4909
17297 4632
914 3881
915 4901
920 4899
921 4890
17304 4355
17306 4340
17307 5098
17308 4888
17309 5090
930 4731
934 3724
937 4730
938 4885
939 5089
941 3617
17330 1156
17331 5088
950 3677
951 4884
953 4570
17337 4879
17339 5087
17341 5086
17343 4878
17345 4339
17359 3616
17379 3527
17382 4569
1000 3314
17385 2187
17388 4877
17389 4568
1006 4876
1008 2964
17392 4567
1010 5085
17393 4566
17394 5084
1013 5083
1014 4337
17395 5082
17396 5081
17401 5080
17403 4336
1023 307
1025 5076
1026 4869
1028 3676
1029 4868
17414 3615
17419 2891
17426 4867
1044 2840
1045 5075
1048 4563
1050 5074
1051 4855
17439 254
17440 4852
1058 3416
1059 4547
17453 3674
1073 4546
1074 1154
1075 5073
17461 4851
1078 4702
17463 5063
17464 4850
17465 4545
17467 4528
17468 4842
17470 5062
17471 5061
17472 3673
1090 3816
1092 4831
1093 4526
1098 4519
1101 4829
1104 4818
1105 5060
1109 4517
1116 2769
17501 2876
17502 4814
17503 5052
1124 3671
1125 5051
1149 2711
1150 4504
1151 2874
1153 5047
1154 4812
17537 5046
17538 3814
1157 4503
17543 4321
17546 4315
1172 2797
1174 4811
17559 2873
17563 4810
17564 5045
17569 5040
1187 5039
17575 4313
1194 5038
17580 3603
17583 3812
17584 2111
17585 5030
17587 4799
17588 4502
17589 5028
17591 4796
17592 4792
17595 4490
17599 4790
17600 4107
1217 1473
17603 4311
17612 2656
1229 3329
1234 3313
17626 2190
1254 4464
1258 4282
1265 3638
17655 471
1278 2775
1280 4463
1281 3790
17665 3298
17670 4280
1289 4462
1292 4447
1293 4106
17681 3198
17683 4278
17688 4700
17690 5027
17692 871
1310 2881
17696 5025
1322 4787
17721 3565
1339 4542
17724 4783
1341 4245
1343 4243
1344 5024
17729 4782
1346 5020
1347 5019
1350 5011
1353 4241
17738 2691
17739 4445
1356 4225
17740 4781
17746 3789
17750 4220
17751 723
17754 4779
17755 4777
1373 4524
1375 4776
1376 5010
1378 5007
17764 3141
1383 5006
1386 4415
17778 4438
17785 4408
1403 3110
1404 4219
1405 4775
1407 3787
1408 4378
17797 5005
17800 4366
17804 4362
17807 1072
17808 4207
1425 2598
1427 4770
1430 4766
17817 4347
17818 4346
17819 4105
1436 4344
17821 4764
17822 5004
17823 4103
17824 4102
17825 4322
17827 5003
17828 2566
17843 4437
17848 5001
17850 5000
17851 4999
17854 4736
17859 4309
17861 4732
17864 4206
17865 4995
1488 1083
1490 4994
17874 3763
17875 4307
1493 2857
17878 4722
1497 4721
1498 4306
1499 4720
17882 4990
17884 4718
1508 4305
1511 4297
1519 4296
1520 3692
17911 3525
17918 4717
17923 4204
17924 4989
1545 3524
17932 2851
1549 4203
1550 4290
1551 4988
1552 4987
17933 4986
17934 4984
17935 4436
1556 4270
17936 4983
17937 4713
17939 4979
1560 4977
1561 4971
17944 4259
1563 3601
17950 4970
17951 4969
17953 4712
17956 4416
17968 3628
1588 2113
1589 4968
1594 4412
17979 4310
1599 4962
1600 4711
17984 3552
17986 4961
1606 4281
17990 4244
1608 4696
17991 4695
17992 4960
1611 4229
17994 4693
1613 4168
17997 3523
17999 4227
18000 4101
18001 4692
18003 4690
1620 3099
1621 4689
18008 4162
18013 3509
18030 2563
18032 4959
18034 4269
18036 4688
1653 487
1656 4158
1658 3508
18042 4157
1660 4156
1662 4686
1668 4670
1669 4957
1670 4956
18051 3330
1672 4129
18052 4226
1674 3394
1675 4942
18065 2689
18066 4199
18067 4934
1685 2482
1694 3102
1696 4669
1699 4128
18088 2662
18091 4192
18094 4667
18095 720
18097 4928
18102 4113
18105 4665
18109 4264
1728 4065
1736 3352
1738 4191
18122 2872
18125 4189
18126 4927
18140 3522
18141 4188
18142 4187
18143 719
18144 4925
18145 4663
1765 2601
18151 4924
18152 4923
18156 4921
18159 4917
1776 4064
18160 4169
18161 4911
1782 4662
1787 4167
18171 4661
18174 4063
1793 4660
1796 4651
1798 4647
18182 4166
18185 2032
18189 4910
18193 4261
18194 4902
18195 4646
18196 4165
1817 4195
1818 4152
1821 4643
1822 4898
1823 4897
18208 644
1825 4639
18210 4151
1829 3336
18215 2607
1832 4148
1833 4638
1834 4637
18217 4059
1836 4896
18218 4895
1838 4630
1839 2373
1840 4190
18222 4055
18225 1071
18227 4053
18231 4034
18233 4146
18234 4141
18237 4887
1854 2594
1855 4623
18238 4137
1857 4621
1858 718
1859 4619
1860 4886
18245 4883
1862 4881
18246 4133
18250 4618
18256 2334
1877 2906
1879 4880
1880 4875
18276 4033
18278 4874
18279 4617
1896 2589
1897 4615
18282 4132
18283 4131
18286 3090
18288 4612
1908 4031
1910 4611
18297 3332
1914 4007
1915 4861
1916 4602
18299 4062
18314 2501
1941 3062
18331 2593
18337 2231
18338 4601
18340 4860
1958 2091
1959 4600
18344 4859
1962 4599
1963 4598
1966 4110
1967 4597
1968 4858
1976 4857
1981 2958
1982 4028
1983 4590
18365 3521
1985 4589
18366 4856
18370 3981
1989 3977
18373 3976
18375 4853
1992 4849
1995 1067
18379 4843
1997 2586
18383 4588
2001 4015
2003 4586
2004 4841
18388 4840
18390 4839
2009 3308
2010 4014
18397 2576
18398 4013
18399 4838
18408 2782
18415 3952
18417 4837
2042 717
2043 4578
2044 3975
2047 3967
2049 4577
2054 3944
2055 4576
2059 4836
18443 3959
18444 4100
18445 4835
18447 4565
18453 1074
18454 4834
18455 4826
2072 2097
2073 4000
2074 4564
2075 3999
2076 4555
18457 4825
2081 4824
2085 3924
2087 3266
18487 1385
18488 3913
18489 4823
2115 716
2116 3943
2117 4822
2118 4815
2119 4813
2120 4809
2123 4807
2124 4806
18511 2174
2133 2489
18517 2169
18521 3998
18522 4805
18524 4553
2142 3942
2144 3600
2155 2620
18540 3520
18543 2527
18544 4551
2165 2870
18549 4804
18552 4548
2169 3940
18557 4544
18558 4803
18562 3996
2182 3938
2184 3990
2185 2525
2190 3910
2193 3177
18581 4802
18582 4801
2200 3908
2201 4543
2202 3907
2203 4800
18586 4798
18592 3936
18595 4541
2212 485
18596 4535
18597 4797
2215 3988
18600 3906
18603 4794
18605 4793
2222 3901
18608 4532
18612 3878
18613 3868
18619 2078
18621 2900
18622 4531
2239 3850
18624 4518
18625 4789
2243 2899
18626 4516
18628 4788
2247 4785
2248 4784
2250 715
18633 2858
18634 4515
2255 3877
2259 4780
18648 3847
18649 714
18658 4514
18667 3987
18668 1897
18669 4501
2287 3519
18676 1825
2293 3978
18677 4500
2295 4774
2298 4499
18684 3939
2303 3134
2304 3926
18688 4496
2306 3846
2307 4492
2309 3925
2326 2842
2328 4773
2329 4489
2331 4772
2332 4486
2334 4485
2335 4484
18719 1363
18720 3921
2339 4771
2342 3920
18721 4769
18723 3845
18724 3919
2348 4768
2350 4474
2352 4767
18736 2304
2355 4765
2356 4763
18739 3844
18741 2784
18743 2867
18745 3918
18746 4469
18751 2491
2368 1754
18757 2464
18758 3911
2385 3903
2386 4465
18771 2774
2388 3902
18772 4762
2394 3875
18778 4099
18782 3853
18783 4454
18784 4761
2404 2455
18788 3835
18791 4453
2410 2866
2420 3779
2443 2794
2449 4098
2450 4452
2451 4758
2452 3777
2455 4451
2457 3599
2459 4753
2465 3833
2474 3898
2475 3882
18866 38
18867 4749
2485 4450
18870 3754
2487 4747
2490 3722
18875 2438
18879 3831
18880 4449
18884 4448
2501 2587
2503 3879
2504 4444
2505 3876
2506 4443
18894 478
2511 3707
18895 4746
2515 4745
2516 3872
18899 3700
18904 3689
18905 4435
18909 4728
2526 3121
2527 4434
18910 4433
18913 3871
2530 1066
2532 4727
2536 3795
18920 3116
18924 2436
2556 2157
2557 4725
2558 4429
2559 3864
2560 1605
2561 4724
2562 3783
2563 4723
18940 2549
2566 3828
2568 3687
2569 4719
18946 4715
18970 3742
18972 4714
18973 3827
2591 3082
2592 4428
2593 4705
2596 3826
18983 3731
18984 4698
2607 2143
2611 3713
18995 3705
2613 4426
2614 4423
18996 4422
2620 2380
2621 4097
2622 4697
2623 4096
2624 4691
19004 4419
19011 4418
19012 3683
19013 4417
2630 3652
19014 3704
19018 4414
19019 4687
19022 3078
19023 4685
2654 97
2655 4684
2661 2732
2664 4683
19048 2342
2666 4407
19051 4682
19052 4681
19059 3053
19060 4680
19061 4679
19062 4677
19064 4676
19078 3825
19080 3818
19081 3703
19089 3544
19090 3806
19093 3543
2710 1110
2712 4406
2713 3797
19101 3442
2720 3796
19107 3050
19109 3440
19110 4675
19111 4405
19114 1076
2741 443
2742 4674
19131 4672
2750 4668
2752 3691
2754 3679
19140 2718
19143 3793
19144 3657
2761 3629
2762 4666
19145 4657
19146 3792
19147 4404
19149 4656
19150 3627
2770 3626
2771 3614
2773 3397
2774 3597
19159 3049
19162 4655
19164 3613
2783 4403
2784 3788
2785 3769
19168 3768
2789 3381
19179 2705
2797 2189
2803 4654
2805 4402
2806 4401
2810 3748
19204 2067
19206 3741
2823 3612
19207 3739
19208 3610
2826 3375
19215 4400
19216 712
19222 4395
19223 4652
2846 1646
2848 4392
19233 3737
19234 4650
2851 4391
2852 4390
19244 4648
19246 2031
19247 4645
19252 4644
2870 1959
2877 3736
2879 4642
2883 4389
2912 2095
19297 1613
2915 3735
2917 4388
19301 3730
2922 3729
2926 4387
19313 4383
19316 3609
2936 4640
2938 4636
19324 3606
19325 3717
2949 1550
19340 1905
2959 2579
19350 3715
19356 4635
19358 4382
2980 593
2981 4631
2991 4372
2993 3369
19379 4628
19380 4627
19387 3555
3006 2574
3007 4371
19404 3048
3032 2182
3033 3711
3034 4368
3037 4367
19423 474
3048 3361
19433 2118
19434 4625
3052 3357
3053 4624
3055 3596
3056 3709
3058 4365
3059 3708
19442 3541
19443 3702
3062 4364
3063 3698
19444 3538
19445 4622
3066 3047
3067 4620
3068 4613
19446 1085
19447 4359
19451 4357
3073 4610
3074 4609
19454 3696
3076 3516
19457 4608
19462 3307
19463 2030
19464 4350
19466 4343
19469 4342
19473 4607
19475 3686
3099 3286
3100 4606
3105 4605
19493 3275
19495 4604
3113 711
19501 3515
3119 4341
19507 4330
19510 4603
3136 3514
19520 3680
19521 4328
19525 3660
19527 3488
19528 3659
19544 4595
19545 1735
19548 4327
19551 3658
19553 3642
19554 4326
3171 4593
3173 4592
3174 4585
19557 4324
19560 3633
3178 3224
19562 2664
3185 4584
3186 4583
19569 4582
3188 4581
19572 4323
19575 4580
3193 2597
3194 4579
3195 4575
3196 4574
3197 3569
19578 4573
3199 4562
3200 4319
19581 4561
19583 4316
3204 2987
19585 4295
3206 4294
3207 4560
19586 3518
3209 4293
19596 4559
19598 4288
19603 3470
19605 4287
19607 3466
19608 4286
19609 4284
3228 2982
19612 2968
19613 3542
3231 2454
3239 4275
19624 3461
3243 3536
19640 1699
19641 4267
19642 4266
19645 1063
3265 1529
19657 2538
3279 4558
3280 4265
3283 4095
3286 3507
3291 3504
3292 4557
3293 4263
19675 1486
19677 3595
19678 2559
3297 3474
19682 3452
19683 3473
19686 3471
19687 3441
3310 1282
3312 3465
3316 4262
19703 3464
3321 3462
19705 3594
3323 3194
19707 2560
19710 3455
19711 4556
19712 4554
19723 3179
19724 3454
3345 2346
3347 4550
19738 3167
19739 4258
19741 3159
3362 4257
3372 435
3377 3156
3383 4549
3386 1700
3387 2238
3388 3453
19781 2044
19783 4539
19784 4255
19791 3097
3409 1004
3411 3451
3412 3450
19800 3448
19801 4538
3418 3093
3420 3445
19806 4254
19807 4253
19808 1645
19809 3444
19810 4252
3430 3091
3431 4537
3441 2908
3442 2518
3449 4251
3450 4250
3451 4536
3452 4246
3466 1972
19865 579
19866 4238
19871 4236
19877 3070
19879 3063
19880 3020
19881 4534
3501 3593
19890 2897
3507 3439
3508 4533
19892 4530
3511 4235
19895 3384
3516 2895
19900 3376
19903 4529
3522 3371
19906 4525
3524 4231
19909 4224
3526 4223
19911 4522
3532 4512
3534 3591
19922 2894
19923 2462
19924 4510
3547 2709
19931 4498
19932 3370
19936 2799
3553 4222
19939 1060
19941 4497
3561 1522
19945 2888
19954 2789
19955 1967
19956 3438
19957 1809
19961 477
19962 4216
19964 2862
19974 3362
3593 2781
3594 3354
3595 3351
19978 3437
19980 1957
3599 4495
3607 4215
19992 1807
19996 3429
19997 4493
20000 2843
20001 4488
3618 2500
20002 3349
20003 3348
20004 3425
20008 4214
3630 1926
3631 4487
3632 3345
3633 4212
20014 2780
20030 2448
20031 4483
20033 3324
3651 1132
3652 3590
3653 2779
3654 3420
3655 3589
20035 4482
20052 2440
20059 2330
3677 2156
20062 3317
3679 3414
20064 4211
3681 3413
3682 3412
3683 4481
3684 4209
3685 4196
20066 4479
20078 3408
20084 4477
20086 4183
20089 3389
20100 1890
3718 4182
3719 1590
20101 4475
3721 4181
20106 4180
20108 476
3725 3265
3730 3388
3731 1521
20116 2311
20119 2819
20122 3262
3743 1884
3744 4176
20129 2758
3748 4473
3750 3387
3752 3386
3754 3385
20148 1829
3765 2235
3766 3588
20150 4175
20155 4174
3772 4472
3773 4471
20157 4173
20169 4172
20170 4170
20173 4161
20174 4468
20182 2183
20184 3247
3804 2309
20191 3377
3811 1538
3812 4094
20196 4160
3814 3587
3819 4467
3820 4092
3821 4466
20207 2196
3824 4091
3825 4150
3826 4149
3827 3372
20215 4144
20216 4143
20217 3368
3839 1806
3843 1924
3844 4460
3845 4459
20229 4135
20230 4458
3849 3367
3851 4457
3852 4134
3853 4456
20233 4455
20236 3365
3858 3237
20243 3216
20248 4127
20250 3586
20255 4442
3872 1815
3873 4115
20257 3360
3875 4441
3876 3359
3877 2028
3878 3358
20258 4112
20260 4440
3890 1490
3909 710
3910 4439
3916 1810
3917 3346
20303 2131
20305 2815
20307 4109
3927 4108
20315 3183
20317 4432
20319 4072
3937 3171
3939 1873
3944 3338
20328 2125
3946 4430
20331 4424
3948 4071
20332 3160
20333 4420
20335 3323
3953 3150
3955 3322
20341 4413
20344 3318
20345 4070
20346 4069
3964 3309
3965 4068
3967 4061
3977 2180
3980 4048
3982 4411
3983 3304
3988 4410
3989 4409
3990 3303
20373 1647
20375 3118
20379 4399
3998 3292
3999 4397
4000 4396
20383 2804
20391 2167
4013 2096
4017 4045
4018 4038
4019 4037
4021 4026
4023 3283
4027 4394
4032 4025
4033 3282
4037 4023
4038 4022
20421 3279
4040 4386
20424 3104
20427 3073
4046 4385
20432 2783
20433 4019
20434 4018
4051 3278
4052 4384
20435 4011
4068 2479
4069 4369
4080 3068
4081 3268
20479 4010
4102 1438
4103 3267
4104 3058
20489 4009
4106 3036
4110 4006
20495 4002
4115 2778
4116 4358
4117 3997
4125 2776
20511 1753
4128 4356
20513 3264
20515 4354
4135 2760
20519 3260
4138 3995
4139 3031
20526 3991
4143 2721
4144 3983
20528 4353
4146 2412
4148 3982
20532 2027
20536 3974
20537 3972
20538 3971
20543 3259
20547 3256
4164 447
20550 4352
20552 3029
20553 3969
20554 4351
20557 4348
20560 3968
20562 475
4180 2728
4181 4345
4183 4338
20567 1359
20568 3966
4186 4335
20569 3255
4189 3965
20576 1082
4195 2708
4196 4334
4199 3015
20587 2697
4211 1422
20595 1306
4213 3245
20597 3961
20599 3243
20613 2066
20616 3960
20618 3242
20620 4333
4241 1320
4242 3958
4245 3957
4247 3235
4249 3956
20635 473
4252 4332
20636 3954
4254 4331
4255 2704
20641 3951
4258 1792
4259 3945
20644 2694
4262 4329
4263 3226
4264 3929
4265 3221
4266 3923
4267 4325
20645 3922
4269 3215
20647 3193
20650 3912
4272 4320
4273 3004
20654 4318
4275 2688
4276 4317
20660 2985
4278 4312
20662 2155
20663 3190
20664 2060
4283 3182
4284 3905
20667 4304
4286 2967
4288 2961
4289 3900
4290 4303
4293 3181
4298 2956
20683 2083
4301 3899
4302 2951
20702 3178
20707 4301
20716 1634
4351 1261
4353 2693
4354 2026
4355 1065
4364 1077
4365 4300
4366 4299
4371 2692
4372 3897
4376 2932
4377 2931
4379 3170
4380 3888
20765 828
4382 4285
20766 4283
20774 1805
20775 4277
20776 4276
20779 3887
20780 2024
20781 3886
20782 3169
20783 3148
20787 2685
20792 3146
20793 4274
4416 1722
20803 3874
20805 4273
4422 1777
20806 3873
4425 2687
4427 4272
4428 3145
20808 1755
20813 4268
4431 2927
4432 4260
4433 3870
4442 1774
20827 1744
4446 2924
4451 3867
4458 1942
4466 2642
4467 4256
4468 3865
4469 4248
20850 1804
20853 2605
4472 2923
20854 3856
4483 2081
4484 3855
4485 3852
4490 2917
4495 4247
20879 1803
20883 4240
20884 3851
20886 3849
20892 2903
20893 3848
4511 472
4512 709
4513 1062
4515 1732
20902 2893
4525 1730
20924 1712
20925 4239
20926 3144
4550 2106
20934 2680
4552 3142
4554 3841
4555 3840
20940 2604
20942 3139
20943 3839
20947 3132
20949 3127
20952 3126
20953 3838
20956 4237
4576 4233
20959 4228
4583 3125
4588 2556
4624 1641
4625 4218
21012 479
4630 3120
4631 3112
4632 1602
4633 4213
4634 3108
4635 3829
21016 4210
4638 4208
4639 1464
4640 3098
4641 3822
4642 4200
4643 4198
21024 2885
21027 3819
21029 4197
21030 3585
21031 3815
4650 3809
21032 3096
4656 3087
21048 2552
21051 2865
4673 1938
4685 3083
21075 638
4697 2626
4700 3808
4702 3807
4703 1802
4704 3080
4705 1347
21089 1243
21090 3076
4708 3074
4712 4194
4713 2625
21100 2543
21101 4186
4724 2860
4727 2846
21125 1598
4743 789
21130 2622
21131 4184
4748 1387
4750 3804
4755 1057
4756 3072
21142 3785
4759 3782
4760 3781
21144 4179
4765 2076
4766 3776
21149 3064
21152 3775
21154 3774
4771 2511
21156 3061
4773 1801
4774 2845
21157 4178
4777 2844
21158 3052
21159 4177
4781 3043
4782 2058
21165 3773
21169 4171
21171 3041
4793 2045
21177 3040
21178 1059
4798 2508
21184 3038
21187 3772
21190 3766
21191 4164
21194 4163
21195 2841
4814 1898
21199 3765
4819 3761
21203 2796
21205 3037
4822 3759
21206 4159
4825 2480
4826 3757
4828 3753
4835 3752
4836 4155
21220 1232
21221 3751
4846 1003
4847 3021
4868 2477
4870 3017
4875 3016
4877 3014
4878 3750
4896 1824
21281 480
21287 1649
21288 4147
21289 3747
21293 3746
21297 3738
21303 4145
21309 2793
21313 3012
21314 4142
21315 4138
21317 3733
21321 2465
21322 4136
21324 2611
21333 3728
4954 4126
4955 4121
21339 3726
21340 3719
4958 3005
4959 4120
4960 3718
21341 3002
21344 2599
4966 3000
4975 2526
4983 3716
4988 2994
4989 2791
21379 969
21386 3712
21389 2499
21390 4119
21391 3710
21401 2740
21404 3699
21407 2457
21409 2453
21432 819
21433 3695
5052 159
21436 1257
21438 4118
5055 4116
5056 3693
5057 3690
5059 4114
5060 4111
5061 4073
5062 4060
5065 3584
21450 2498
5067 528
5078 1625
5081 4058
21466 2432
5083 3685
5084 3682
21468 2991
21469 2989
5087 3665
5107 818
21491 2022
5109 3664
21495 2497
21497 2974
5116 2495
5125 2973
5130 2735
5131 4090
21515 3655
5134 2002
5137 4056
21523 3651
5143 3650
5144 3648
21530 3646
21531 3645
5156 2483
21543 1988
21544 4052
5162 1969
21546 4047
21547 2972
5166 2962
21548 4046
21549 3643
21554 4044
5172 1793
21558 2957
5175 2394
21560 3641
21562 3636
21563 3631
5181 2715
5182 3630
5184 2949
5194 2445
21583 2706
21584 3623
5202 2942
21587 2925
21588 4043
21592 2921
5209 1434
5210 1068
5211 2920
5212 2686
21593 4042
21594 4041
21596 3622
5216 2919
21608 1256
5225 2384
5227 2905
5228 3608
21613 2898
5230 3605
5231 4040
5232 3604
5233 3578
21614 3576
21615 4039
21621 2370
21623 4036
5240 2341
5241 4035
21629 1956
5246 2890
21630 3572
21634 4032
5251 2308
21635 3559
21638 2887
5255 3558
5256 3554
5257 3549
5259 2430
5260 4029
5261 4027
5262 4024
21646 1255
5266 2272
5267 2886
5268 3548
21650 1955
21653 2880
5271 2683
21657 4021
21658 4020
21663 3547
21665 2682
21684 2868
5302 1189
21696 3546
21697 2861
21699 2859
21705 2853
21707 2850
21708 2847
21710 2271
21713 3539
21718 2269
21723 2427
21727 3535
5346 2020
5353 2675
5355 3532
5359 3528
5360 4012
5361 4008
5363 2671
5364 4005
5365 4004
5367 2647
21754 1421
21755 4003
5385 2185
21771 1954
21772 2834
5392 1624
21776 2395
5395 2829
5400 3994
5402 3993
5404 3526
5406 3992
5407 1246
5408 3517
5412 2019
5413 3986
21798 1620
5415 3985
21799 3511
5417 2824
21800 2634
21806 2242
21808 2803
5425 2393
21809 3984
5427 3980
21811 3510
21815 1619
5432 3979
21816 3499
5434 2630
5435 2798
21821 3970
21823 2792
5441 1616
5444 3497
5445 3496
5446 3495
21830 2790
21832 1615
21847 482
5464 2236
5465 2787
5466 3964
5468 2349
5469 2786
21853 2345
21858 3963
21860 1601
5477 3492
5478 2759
5481 3490
5483 3489
21866 3962
5485 2754
5486 3953
5488 2344
5490 3950
5492 3949
5497 2753
5503 2628
5505 2743
5511 2610
21910 1151
5529 2608
5533 3483
5541 2220
5542 3948
5543 2742
21927 2575
5545 3947
5546 3946
5547 2739
5548 3941
21928 2726
21929 3482
21930 1953
21931 1145
5555 1597
21943 1961
21944 2548
5564 1788
21949 3932
5570 2725
5571 2724
5575 2723
5577 3931
5578 1952
5579 3930
21968 1929
5597 1408
5601 3480
5602 3479
5605 1748
5606 3478
5608 2544
21994 708
21995 3475
21998 2537
22000 3928
5622 3468
5626 3463
5629 2533
5631 3460
5632 3459
5634 3456
22018 1585
5639 1946
22023 3927
22028 2339
22031 3916
22032 1914
5655 1536
5656 2528
5659 2719
5660 3443
5661 3915
22046 1130
5667 2703
5668 2321
22051 2280
5672 3436
5673 2524
5674 3914
22074 1719
22075 3432
5695 707
5697 3896
5698 3895
22082 2277
22083 1878
22087 2702
22088 3893
5712 2314
22100 1174
22105 3431
22108 2274
22109 3427
5729 2700
5730 3890
5731 3889
22119 2699
5738 2209
5739 2523
5740 3885
22129 2698
22144 1033
22149 3884
5767 2521
5769 3424
5771 1867
5773 2516
5774 3880
5787 1471
22177 2099
22184 1846
22188 1430
22189 3422
22190 3866
5807 1167
5809 3419
5812 1416
22197 2463
5814 3863
22199 3861
22203 2696
5825 2458
5826 3860
5827 3859
5828 3418
5829 3858
5830 3406
5835 2195
5838 3405
5839 3404
5840 3399
22224 2273
22225 3398
5843 2690
5848 2444
5849 2681
22233 1839
5851 2677
22235 2661
5853 3843
22239 3383
22242 1703
22244 3842
5862 2166
22246 2655
22253 3382
22254 3837
22265 1011
22269 2441
22275 2165
22278 2654
22283 3836
22284 2018
5901 585
22285 3823
22290 3366
22299 2439
22309 2653
22311 3821
5934 544
22318 2160
22319 2437
22320 1800
5938 2648
22321 1834
22324 4089
22325 3820
22336 994
5953 1889
5957 1509
5960 2426
5973 3364
22366 1309
22369 978
22371 3811
22372 3335
22375 2637
22376 2409
5993 1876
22377 2633
5995 2631
22378 3810
22379 3333
22382 3805
6008 3326
6009 2408
6010 3321
6012 2265
22394 3315
22395 2624
22404 3312
6023 939
6024 3306
6030 2407
6031 3297
22415 1344
6033 2124
6037 3803
6039 3802
22423 520
22426 2086
22428 3801
22433 2623
22435 3800
22436 3296
22439 2621
6056 1599
6064 2084
6072 3799
6073 3295
6075 2596
6076 2077
6077 1395
6078 3798
6079 3794
22462 2406
6081 3294
6082 3791
22463 2402
22464 2588
22476 1771
6094 2400
22483 1393
22487 3293
22489 2585
22493 1733
22497 2399
22503 3280
22504 1064
22507 2584
22523 1578
22527 576
22528 3270
22530 3261
6154 1799
6156 2390
6159 3251
6160 2583
6170 3244
22555 1718
6172 2011
22556 3241
6175 2580
6176 3239
6179 465
6183 2239
6184 3786
6185 3784
6190 2377
22574 1113
22577 3234
22598 679
22599 3230
22601 4093
6218 1693
6219 2573
22603 3229
22605 3778
6222 4086
22609 2572
22610 2374
22611 3227
6229 3225
22618 2369
22621 2569
22644 1294
22645 3771
6264 180
6265 3770
6266 2557
6271 591
6280 2221
6282 3764
6288 1993
6290 3762
6291 3219
6300 3756
6301 1669
6303 3210
6305 2202
6307 3755
22692 3743
22693 2554
6315 3209
6316 3740
6317 2365
22699 1964
22719 2363
22720 3207
6337 1478
22722 3201
6340 1055
22725 2362
22726 2551
22727 3200
22728 3734
22729 3732
22730 2547
6350 1374
6351 2541
22734 2536
6354 3727
6355 3199
6356 3723
22738 2535
22741 2017
22744 2532
22746 3197
6364 1939
22748 3196
22758 921
6375 2193
6376 3195
22765 3192
22766 2522
22770 3706
6387 3583
6388 3582
6389 3191
6390 3701
22771 3697
22778 1441
22779 833
22790 1364
22791 3188
6408 1262
22793 470
6411 1798
6421 1930
22806 2191
6423 3688
6427 1917
22811 3176
6431 3175
22815 1415
22816 3684
6434 1881
6442 1692
22826 2161
22827 3173
6446 3681
22830 3172
6448 3678
22831 2519
22834 1848
22836 2515
22837 1668
6455 3669
6456 4085
22839 2514
22848 3166
6465 2145
6468 1789
6482 1506
22876 1323
6494 1582
22879 2141
6503 2130
22887 442
22888 3668
6506 2351
22890 2513
22891 3667
6513 3165
22899 2129
22900 3666
22901 4084
22903 1797
6524 1750
6525 4083
6530 2509
6533 2507
6534 3663
6535 3662
22917 830
22920 3162
6538 1717
6543 2128
6544 2014
22929 3661
22937 604
22938 3654
6556 2506
6558 2335
22951 1342
22953 3153
22954 2505
6575 817
6576 3151
22961 3143
6579 3653
22964 2504
22966 2324
6583 125
22975 2088
22976 3649
22979 2313
22980 3135
22989 2082
22990 3133
22993 3647
6610 118
6611 1327
6627 2503
6628 2312
6629 3644
6631 3640
6632 2502
6635 3131
6641 3635
6642 2493
6648 2053
23038 1058
6666 2025
6667 2492
23051 1311
6669 3634
6675 1411
23063 3130
23064 3625
23066 2488
23068 2310
6700 1051
6701 3624
6703 2484
6706 3580
6707 2481
6708 1467
6709 3579
23092 2461
6711 2442
23093 1713
23094 3577
23095 2435
23096 3575
23099 3129
23107 1029
6724 1274
6726 3574
23110 1268
23114 1433
6732 1563
6735 1711
6737 3128
6738 3573
6744 3571
6746 2434
6748 3123
23134 1324
23135 3570
23137 3119
23138 3568
23145 2431
23146 1204
23149 2307
23151 1399
23153 3115
23156 3567
6774 362
6776 3566
23161 2306
23163 2429
23167 2422
23168 2421
23175 3114
23186 1694
6804 1528
6806 3113
6807 3109
6808 2300
6810 2416
6813 1960
6815 2411
23204 1143
23206 3107
6823 1241
6824 1927
6825 3106
6828 3564
6830 462
23214 2267
6832 3563
23215 3103
23216 2379
6835 3561
23219 3100
6838 1512
23224 2378
23227 3560
23233 1199
6857 1396
6858 2376
6859 2372
23241 998
23246 1681
6863 3089
6864 3086
6867 3081
6868 4082
23256 1921
6878 2368
23267 3556
6884 3553
6888 2366
6891 1503
6895 3551
6896 2262
6904 2229
6905 3077
6907 518
6908 3075
23293 77
6914 3060
23297 1893
23298 3054
23299 3550
6918 2224
6919 3545
6920 2359
23300 2213
23302 2357
23303 2355
23304 3540
23306 2206
6934 1345
6941 1892
6943 3046
6944 2197
23344 920
6963 1101
23351 886
6971 2175
23355 2348
6973 3537
23363 1368
23382 434
23383 1489
23385 3534
7007 111
7010 2347
7011 3513
23394 1665
7013 514
7014 3034
7015 2332
23403 814
7023 1361
7024 2328
7026 3028
23409 3022
23416 3506
23417 2164
23418 3505
23419 3503
23420 3502
7038 3008
7039 2316
23423 1887
23424 2126
7042 2104
7045 1335
7046 1618
23429 2090
7050 1603
7053 3501
7055 3500
23441 804
7058 3007
23452 951
7069 2074
23454 3498
7071 2301
7072 2294
23458 2069
23462 3494
23464 2288
23465 3493
23470 1593
7087 683
7088 3006
23471 3003
7090 1879
7091 2286
23474 3001
7093 2999
7094 3491
7095 2996
7096 3581
23476 2281
7098 2276
23477 2995
23480 3487
23485 1586
7103 3486
7104 2988
7105 1874
23488 866
23490 2970
7109 2966
23503 1169
23506 1851
7125 1245
7126 2955
23509 2270
23511 2059
23513 2056
23514 2013
23529 856
23530 2268
7154 1319
23552 1203
23554 2950
23555 2055
23558 2050
23559 2266
7188 1010
23576 2042
7194 1845
7197 1054
7204 1581
7206 3485
7209 2264
23616 3484
23620 2035
23621 3481
23622 3477
23623 2946
23628 1574
7245 1160
23637 1211
23647 915
7264 1796
7265 2034
23648 3476
7267 2943
23649 848
23652 3469
23653 3467
7277 825
7278 3457
7280 2938
7281 3449
23672 3447
23673 2935
23674 1286
23681 1562
23686 3434
23689 2260
7307 25
7309 3433
23693 820
7317 1465
7324 2033
23708 512
23710 2006
23712 4080
23713 2005
23714 2913
23720 1554
23721 2259
23723 1159
23727 3430
23730 2247
7350 815
7355 1149
7356 3428
7357 2012
23741 1841
23757 2911
23758 2910
23759 3426
23760 3423
7383 1269
7386 2909
23770 1129
23771 2907
23772 3421
23786 2904
23805 908
23806 2245
23809 1995
23811 2902
23812 3415
7442 384
21018 3411
7444 1362
7446 1994
7447 1795
7449 2233
7450 1990
23836 1676
7459 903
7463 1551
7468 3410
23855 1146
23856 3407
23858 1979
7475 1519
23859 3402
7477 2901
7479 1823
23863 2896
7481 2230
7482 3400
23864 767
23866 3396
23880 1412
23881 3395
23883 1950
7504 617
7506 2228
7510 2889
7511 2883
23896 1626
7515 1931
23901 2854
7522 1920
7523 2218
7524 1406
23907 1821
23909 3391
23910 3380
23912 2194
23915 753
23916 3379
7533 1116
7534 3378
23918 1918
23920 2188
7541 1102
7542 3373
7543 2852
7546 1916
23943 1913
23944 3363
23945 2170
23946 1818
7563 1403
23950 2849
7572 3356
7573 3355
7578 1812
7579 2848
23967 1614
7584 2163
7585 2839
7586 2159
23968 2837
7588 3353
23970 2835
7590 3350
7592 2158
7594 3347
7595 2833
7596 3343
7601 2828
7602 2151
23986 1398
23989 3342
23991 2148
7615 1366
24001 1518
24002 3340
7625 1515
24009 730
7632 2826
7635 1052
7636 3339
7637 3337
7638 2825
24023 659
7645 1497
24029 1794
7647 3334
7648 2814
24032 2809
7650 3869
24034 2147
24057 2114
24060 2138
7689 60
7695 3320
7712 379
7713 3316
24097 934
7715 2807
7716 1012
7717 376
7718 2806
7719 1177
24101 1778
7725 1495
7726 1760
7727 2136
24110 1346
24113 3311
24114 3305
24121 1868
24122 3301
24126 1494
24127 3300
24128 2795
24129 3299
24133 2785
24140 3291
24141 2771
24148 2135
24149 3290
7768 928
7769 2762
24152 3289
7772 3288
7774 1866
24159 2132
24160 2757
24161 2756
24163 2752
24169 2751
24174 2127
7801 1475
7802 1842
7811 2747
24199 1447
24202 3287
24203 2738
24204 2122
24207 1321
7824 1833
24210 1827
7829 1826
24214 3285
24219 2736
24220 1820
7844 1237
7853 1444
7855 3284
24240 999
7857 2731
24242 3273
7861 2730
7863 2727
24248 2722
24250 2720
24251 2716
24252 3269
7877 1782
7878 1781
7882 981
7883 2120
7885 2707
24270 1307
24271 1761
7888 2701
24272 2695
7893 642
24293 781
24294 1207
24295 1736
7916 2119
7926 641
7935 1726
24330 596
24332 2075
24334 2678
7956 454
7958 3263
24340 2061
24341 3254
7985 1533
24371 628
24372 3253
7991 1698
7999 3252
24385 608
24398 1757
24412 629
8031 1691
8036 3249
8037 3248
8045 1175
8047 2676
8048 2057
8049 964
24431 927
8053 2041
8054 3246
8055 2674
24439 1303
8058 2669
24444 2008
8063 1752
8064 2004
8067 1731
24451 2668
8069 2666
24453 1697
8071 3240
8072 582
24454 2001
8074 1991
24456 1981
8077 3238
24462 3233
8079 1689
24463 2660
24464 3232
24470 3228
8087 1980
24471 1963
24475 1962
24477 1295
24479 4079
24489 1259
24490 3223
24499 3222
8118 2658
24503 2657
24504 3218
8122 1949
8128 1687
8134 1443
8146 3217
8147 3214
8148 1935
8150 2652
8151 1155
8153 1675
8155 1667
8156 3212
8157 3211
8161 1670
24559 2109
8177 1222
8178 2650
8179 3208
8184 1657
8185 2649
24568 852
8187 1666
24575 2643
8193 3206
24578 1653
8195 1650
8198 1922
24582 2641
8200 2640
24583 3205
24587 3204
8206 3189
8208 1919
24592 1912
8211 2639
24594 3187
24595 2632
24597 3186
8215 1911
8216 1909
24601 1648
8219 2618
8222 1640
8224 1427
24614 1215
8231 3185
24615 4078
24617 807
24620 1908
8254 1131
8255 3184
8261 364
8263 2617
8279 1651
8280 316
8282 1906
8299 3174
8301 2615
8302 3168
8305 1904
8308 3164
8312 1212
24699 1635
24705 1200
24706 1015
24708 1902
24713 1426
24718 1087
8335 589
8336 3163
24722 1623
8340 1637
24726 1617
24728 3161
24731 3158
24732 3157
8349 1419
24733 3155
24734 1900
8365 897
8366 3154
8367 3152
8369 1609
24753 948
8372 1391
8374 1891
8375 547
8376 1888
8378 3147
24765 1636
8386 1607
8387 2614
8391 1604
8395 2613
24781 917
8398 1852
8400 3140
8403 1628
8404 3138
8409 3137
8428 1844
24814 965
24816 2609
24819 2105
24820 3124
8437 2603
8441 3101
8442 2602
8443 2592
8449 1843
24833 313
24835 849
8452 3095
8457 2591
8458 2590
24841 844
24845 822
24846 2582
24852 1837
8471 761
8474 3088
8475 1600
8476 3085
24860 1561
24861 953
24870 1560
24878 2581
24885 1197
8503 724
8504 3079
8505 2570
24888 1354
8511 784
8512 1835
8513 2567
8517 1194
8520 2564
8523 2562
8526 1831
8530 2561
8534 3069
8538 3066
24924 497
8541 783
8547 1558
24932 1622
8549 527
8552 1621
8553 3065
8557 1830
24943 3059
24944 2550
24955 488
24957 2546
24959 3057
24960 1556
24961 3056
8579 1606
24970 1343
8589 1184
8592 1340
8593 1791
8595 1785
8612 322
8614 3045
8615 3044
25006 450
8623 3035
8625 1168
8626 3032
8628 3030
8629 2540
8630 3027
8641 1572
8643 1779
25034 539
25043 1543
8666 560
25050 756
25053 542
8671 3026
8672 671
25056 2520
25057 2496
25059 3024
8676 3023
25060 526
8678 2473
25062 3011
8680 1537
25069 2471
25080 652
8701 914
8702 3010
25086 864
8704 2470
8705 1555
25089 1776
25091 3009
8708 2998
8710 2468
8711 2447
25094 1775
25095 2997
8715 1553
8717 2992
8719 2990
25102 1150
8721 670
25107 850
25108 2103
8725 2428
8726 2425
8727 1053
8728 2423
25111 1535
8730 1770
8731 2413
8732 1769
25112 2984
25114 2983
8735 2979
25115 2397
8737 2396
8738 2391
8739 2388
25116 1766
25125 1552
8742 1758
25130 1756
25136 2387
25138 2386
25139 1549
8768 282
25152 2385
25158 1714
25159 1548
8786 1231
8787 2978
25172 664
25179 2977
25180 2371
25181 2976
8801 1531
25189 1527
8807 1510
8815 2367
25201 865
25204 2975
25205 305
8823 517
8824 2364
25209 1219
25211 2971
25215 1534
25219 2960
25220 2360
25225 1702
25226 2358
25228 1530
25229 2959
25230 2954
25231 2953
25234 1701
8851 525
25236 1696
8854 1525
8857 1487
8862 1084
8864 1480
25250 1032
25251 2354
8868 2952
8869 2947
8870 2941
8876 1695
8877 2940
8879 455
8881 2939
8887 2937
25271 510
25272 2936
8891 2353
25286 861
25289 502
8916 524
8920 2933
25304 1479
8922 2930
8925 1690
8928 2929
8932 2928
25316 1209
25319 2922
25321 2343
25346 440
8968 829
8969 2918
8970 2337
25354 1454
8972 1450
8973 2916
25358 2329
25359 782
8976 2326
25379 2323
25383 2915
25387 1688
25388 2912
25396 2102
9017 1056
25402 967
9020 588
9021 558
25405 2318
9023 2892
25408 1424
9025 429
9026 2884
9027 1508
9030 1407
25419 1485
9037 780
9038 1180
25436 1686
9053 2871
25437 2863
25439 941
25440 2317
25442 662
25443 2856
25444 2315
25447 2855
25449 2305
9074 1397
9075 2303
9082 1170
25469 911
25470 2298
9090 736
9092 1685
9093 2838
9094 2836
9095 2832
25480 875
9098 2292
9099 535
25482 2831
25486 1684
9103 2285
25487 2830
25492 1683
25496 1474
9124 416
9125 2279
9126 1682
9127 1389
9128 2278
25510 2823
9130 2821
25511 1679
25516 656
9133 2820
9135 2818
9138 2817
25526 2275
9147 1678
25531 2813
9149 2257
9151 2812
25537 1674
25540 645
25541 636
25543 1445
25545 1671
25553 1350
25554 1349
25557 1442
25562 1440
25565 1339
9184 615
25569 699
25571 2811
9188 1661
9189 1423
25572 2255
25575 534
9194 2254
25582 529
25585 1338
25589 1660
9207 1413
9208 538
9209 2252
9211 2810
25595 2805
25596 2249
25597 1654
25598 2246
9217 2240
25599 2234
25601 2802
25607 635
9224 1638
25609 2801
25610 1329
25611 1410
25614 1596
25615 2232
9241 799
25628 1595
25631 1322
9248 1392
9249 2101
25644 1594
9264 1388
9265 2788
9266 2773
9267 1592
9269 2227
25649 2226
9273 2223
25660 1386
25662 2772
25663 2216
25664 2212
9283 836
25667 2211
25668 2770
25674 2768
25676 2205
25678 1308
25684 1591
9306 523
9313 988
9314 2767
25698 632
9316 2192
9325 834
25710 1589
9327 1300
25718 1588
9335 2766
25719 2765
9337 2764
9338 2763
25721 2181
9341 1299
25729 1292
9360 647
25758 486
9387 2761
9389 1587
9391 2179
9392 2178
25777 630
9397 2100
25783 810
25784 2168
25785 1153
9408 2154
9413 2153
9414 1584
9417 2146
9419 2755
9426 1583
9433 4077
9439 1152
9441 2750
25827 2144
25829 1580
9450 624
25836 620
9459 1577
25844 2749
25850 2140
25852 2748
25853 2746
25854 2139
9471 170
25856 2745
25864 1267
9482 577
9483 2080
25866 2072
9485 2071
9486 2737
25868 2734
9488 2714
25870 2713
25872 2712
9491 1266
25875 1265
9504 2068
25891 2065
9511 1141
25896 803
9517 2064
25902 505
25903 2679
25904 2672
9522 1383
25910 607
25911 2063
25916 573
25917 1576
25931 571
25934 2062
25937 1136
25940 2049
25948 1264
9572 4076
25957 1260
25958 2670
25959 2667
25962 2047
9579 1382
9591 516
25975 2663
9593 1252
25977 2046
9595 2659
25978 1121
9597 2644
25980 2040
25988 2036
9606 1119
25996 1372
25998 1103
9616 586
9618 2007
26004 802
26005 2636
26006 1575
9629 532
9630 2003
9631 2000
9634 1568
26019 1336
26020 1992
26021 1971
26022 1970
9639 301
26023 1565
9643 1251
9647 1334
9649 1250
26038 1014
26039 4075
9656 1048
26042 2629
9659 1330
26044 2619
26048 1281
26051 1968
26058 1272
26059 1547
26065 431
26067 1947
26088 584
9710 392
9712 1943
9713 1937
26098 1098
9715 1271
26100 1936
9717 1933
26102 2616
9721 1928
9722 522
9732 1249
9735 1242
9736 1233
26127 566
26132 2606
26138 1901
9755 117
26141 1229
9758 1523
9759 2600
9760 2571
9763 1227
9764 729
9765 1236
9769 1520
9773 1896
9774 1220
26157 1886
26159 1507
26167 1885
26168 1505
9785 113
26170 1883
26171 2568
26176 1202
26178 1226
26180 1488
26181 1198
9800 422
26190 1195
26191 2565
26193 1182
26194 1882
26196 793
9829 727
9831 2558
9832 1880
9863 1872
9865 2553
9867 2539
9870 1484
9871 1870
9889 166
9892 1027
9895 2531
9907 570
9913 1865
9915 1861
9921 1482
9922 2530
9924 1165
9937 779
9946 1860
9959 1856
9964 1185
9968 1476
9974 1172
9979 2529
9980 1854
9983 2510
9984 1470
9987 2486
9988 1849
9993 1171
9994 1847
10000 2485
10002 2478
10004 1123
10022 1163
10024 1024
10026 1836
10039 515
10041 1019
10055 304
10056 1147
10062 773
10081 1013
10096 200
10113 456
10115 1822
10116 2472
10117 543
10133 2469
10134 2467
10148 2459
10153 1137
10154 1790
10158 2451
10162 1787
10163 1001
10178 1784
10180 1783
10183 2446
10186 2443
10211 559
10235 587
10243 519
10246 2424
10247 2419
10252 1780
10253 1772
10268 757
10310 557
10317 1767
10338 983
10341 1469
10346 1005
10350 449
10351 1466
10352 2415
10354 2410
10355 2404
10356 2398
10358 1462
10376 996
10383 1120
10388 1759
10390 1460
10391 1746
10406 690
10407 2383
10412 1742
10427 549
10432 1740
10433 2382
10435 1432
10438 1737
10439 1431
10445 1734
10446 2381
10456 369
10458 686
10463 1729
10467 1425
10468 2352
10476 1115
10477 130
10478 2336
10490 310
10496 639
10497 2333
10499 2327
10500 1106
10501 1727
10513 1725
10514 1724
10517 2322
10519 1420
10522 2319
10524 1720
10526 2299
10532 513
10539 1094
10543 950
10549 1089
10550 1050
10552 2295
10555 942
10559 2293
10561 2291
10564 1017
10588 441
10590 633
10597 918
10600 845
10601 1716
10602 2290
10615 548
10620 1414
10623 841
10637 1715
10638 2289
10640 1708
10652 980
10656 1008
10657 1705
10672 1377
10676 2287
10677 1373
10679 1367
10682 1677
10684 1673
10711 2098
10719 1006
10726 623
10762 108
10763 2283
10765 806
10791 530
10792 1664
10794 1663
10801 378
10805 1356
10807 1656
10818 1652
10819 995
10822 1629
10825 1610
10841 595
10842 1352
10847 2282
10850 2256
10871 498
10872 1566
10878 977
10879 1341
10880 1564
10881 2253
10884 1314
10895 546
10896 2250
10897 2248
10898 1546
10904 1540
10906 1532
10907 1526
10910 1288
10912 1287
10918 1279
10919 1517
10925 1278
10926 309
10931 555
10936 1275
10942 508
10956 795
10966 778
10967 1511
10969 1499
10983 314
10986 2244
10990 2243
10991 2241
11002 1496
11009 992
11011 567
11012 1493
11015 368
11016 1481
11017 2237
11026 760
11028 1270
11030 968
11032 1461
11034 1263
11035 2217
11047 979
11052 759
11053 758
11054 1459
11077 464
11082 265
11093 1458
11102 944
11107 406
11108 2215
11109 1457
11112 976
11113 1258
11114 974
11120 1247
11121 2214
11125 1240
11132 565
11141 933
11148 403
11152 1234
11175 308
11182 973
11183 1218
11186 1216
11197 1452
11199 971
11213 1214
11215 2208
11216 2207
11223 970
11227 1196
11231 737
11233 400
11241 359
11275 357
11279 1451
11280 2203
11284 966
11285 1449
11293 540
11318 536
11325 694
11328 959
11372 294
11379 338
11400 175
11401 1448
11402 955
11403 947
11405 1446
11410 1436
11411 2201
11416 564
11418 2200
11426 1192
11427 2186
11442 926
11445 124
11461 651
11462 2184
11464 328
11465 1428
11467 2177
11468 1418
11470 1401
11491 1188
11493 1187
11495 1181
11502 562
11522 929
11537 925
11539 1179
11557 521
11561 2176
11563 2172
11566 1400
11572 1173
11577 1380
11579 2171
11583 2162
11591 327
11593 2152
11602 912
11604 913
11607 891
11609 311
11610 1162
11611 1379
11612 1378
11613 1161
11616 1375
11617 2149
11621 489
11622 1370
11626 1365
11629 1158
11630 909
11631 1360
11638 1357
11640 1351
11641 2142
11642 2134
11661 271
11662 885
11664 1348
11670 374
11700 2123
11712 256
11713 2117
11718 2116
11719 2115
11721 1157
11733 531
11734 1133
11746 356
11785 318
11788 1128
11791 1126
11792 1125
11801 507
11806 1333
11808 1326
11811 648
11812 1325
11815 1315
11816 2079
11820 1305
11821 1114
11822 2054
11823 877
11824 263
11828 2052
11829 1109
11840 643
11841 2051
11842 2048
11861 299
11863 1298
11865 2038
11868 1099
11876 879
11878 2037
11879 2021
11891 876
11892 2015
11893 1297
11899 2009
11902 854
11903 1097
11910 1296
11911 1999
11919 840
11923 1998
11924 1997
11925 1088
11926 1996
11929 1989
11939 1038
11964 439
11965 1987
11967 835
11968 1986
11979 1037
11991 1985
12016 331
12017 1293
12032 873
12034 868
12040 859
12041 1984
12042 1983
12043 1290
12045 1982
12046 1977
12049 1031
12050 1976
12051 2094
12053 823
12054 1280
12056 1975
12065 1023
12066 258
12070 387
12071 1273
12074 601
12085 300
12101 203
12107 1253
12110 1018
12112 1235
12113 1974
12118 511
12122 1230
12130 483
12135 493
12141 847
12149 1009
12151 1002
12155 985
12157 1973
12158 984
12160 982
12161 1966
12165 790
12166 963
12187 383
12192 1217
12193 1213
12212 509
12248 1958
12252 1951
12256 1210
12260 1208
12262 838
12263 1945
12266 270
12268 330
12286 358
12287 962
12290 1205
12291 1944
12295 1190
12296 961
12302 1178
12307 1166
12308 788
12311 826
12312 960
12313 957
12318 954
12320 1144
12321 1142
12334 408
12337 1140
12338 1139
12365 458
12369 1135
12370 952
12373 1134
12380 945
12386 812
12387 1124
12389 1118
12406 348
12409 943
12411 776
12414 771
12419 935
12422 930
12425 746
12458 809
12460 740
12472 463
12473 1934
12478 342
12492 808
12496 459
12503 235
12504 1923
12507 1045
12545 302
12547 1915
12551 278
12552 1095
12553 234
12554 1910
12587 506
12599 272
12606 262
12612 735
12614 916
12615 424
12616 1093
12617 1875
12618 1090
12627 257
12637 907
12639 1080
12641 1871
12642 1869
12644 1864
12645 904
12654 216
12659 221
12660 734
12664 1028
12665 1863
12678 705
12679 993
12687 371
12688 902
12689 900
12691 991
12695 899
12696 1862
12701 696
12703 986
12704 1859
12707 938
12709 937
12710 353
12722 250
12733 268
12739 222
12742 682
12745 1858
12749 1857
12751 1855
12758 896
12763 936
12781 461
12786 420
12797 932
12798 1832
12801 924
12802 4074
12803 923
12806 412
12851 453
12852 1817
12860 882
12861 880
12863 1816
12865 1814
12868 1813
12884 208
12885 2092
12927 388
12928 287
12930 668
12938 204
12940 1811
12968 247
12971 1786
12980 172
12981 1773
13008 236
13010 667
13012 922
13013 1765
13022 1764
13026 655
13031 874
13032 906
13034 901
13035 872
13036 1763
13056 213
13060 181
13067 405
13068 1762
13096 183
13142 888
13144 869
13153 653
13164 320
13167 895
13174 640
13177 867
13190 266
13191 1749
13196 627
13199 774
13202 1743
13205 765
13220 237
13282 764
13283 603
13291 846
13292 1739
13310 894
13311 893
13318 843
13320 1728
13321 1723
13322 597
13325 594
13328 158
13333 763
13334 890
13346 297
13352 155
13355 842
13357 811
13364 154
13369 128
13371 578
13384 375
13387 883
13388 881
13389 1710
13390 1709
18943 292
13404 273
13411 153
13413 1707
13415 870
13422 214
13469 188
13480 402
13481 1704
13482 1086
13485 1672
13486 862
13490 797
13493 794
13496 857
13497 1662
13498 1658
13501 855
13520 186
13521 1642
13526 1075
13528 853
13529 1632
13556 86
13558 396
13600 851
13604 1631
13614 179
13616 1627
13619 393
13620 1612
13621 1611
13622 837
13624 762
13625 787
13628 380
13636 827
13641 1573
13647 373
13649 73
13651 824
13653 1571
13659 152
13664 726
13673 212
13675 1570
13677 821
13680 1567
13682 766
13683 742
13684 733
13702 367
13703 800
13704 1542
13705 1541
13711 568
13712 211
13713 798
13714 284
13740 164
13741 1539
13749 552
13801 448
13802 732
13813 267
13815 1524
13831 52
13834 1516
13837 697
13847 210
13859 151
13862 701
13864 1514
13929 68
13931 700
13932 1513
13955 105
13966 148
13970 1502
13971 792
13989 205
13990 791
13995 661
13999 550
14003 332
14004 786
14007 504
14009 695
14020 600
14033 324
14037 1501
14051 323
14067 116
14078 599
14079 692
14089 592
14090 146
14093 537
14102 206
14123 171
14128 503
14130 1500
14131 1498
14132 1492
14135 1456
14149 145
14153 496
14157 722
14159 785
14165 143
14170 777
14171 1455
14174 775
14176 769
14265 433
14286 672
14302 755
14308 199
14316 666
14317 752
14319 658
14324 751
14325 747
14337 112
14338 1437
14339 1429
14340 207
14344 626
14345 1405
14346 1404
14351 110
14353 743
14357 500
14358 1394
14369 182
14370 150
14371 1390
14372 499
14373 1069
14374 494
14376 1371
14377 625
14379 2089
14383 741
14384 1369
14385 619
14403 121
14419 251
14424 411
14431 739
14485 252
14496 738
14499 731
14500 725
14502 491
14512 162
14534 92
14540 452
14541 693
14542 192
14547 1355
14550 688
14552 350
14558 684
14559 681
14560 678
14562 1337
14599 101
14600 1332
14606 665
14615 133
14616 663
14619 1328
14620 657
14628 650
14638 345
14639 1318
14647 469
14648 114
14652 611
14661 131
14662 649
14664 1317
14667 142
14690 106
14691 606
14698 1316
14707 57
14710 306
14711 1313
14746 20
14747 556
14763 1304
14766 1044
14767 109
14770 460
14771 1291
14781 637
14807 466
14808 2087
14809 1289
14818 337
14840 321
14841 1284
14842 1283
14843 427
14844 1244
14845 631
14854 421
14864 80
14865 432
14868 622
14869 1228
14870 317
14872 78
14886 426
14894 621
14924 2085
14932 296
14933 425
14952 79
14967 293
14969 185
14972 418
14976 295
14982 618
14983 423
14985 1224
14990 1223
14991 616
15003 467
15005 55
15006 137
15007 1221
15010 436
15066 70
15073 1206
15081 410
15082 417
15108 122
15123 395
15125 386
15126 95
15127 613
15144 120
15145 23
15148 1047
15150 1193
15154 1191
15160 370
15163 229
15166 365
15170 372
15171 355
15172 1186
15173 1477
15175 360
15181 1138
15182 349
15184 58
15186 1117
15187 612
15188 1112
15189 1277
15191 1111
15192 610
15194 609
15195 352
15196 581
15197 580
15198 1105
15200 1096
15205 347
15206 1092
15208 1091
15209 575
15214 341
15217 335
15218 1030
15221 334
15235 21
15244 333
15245 264
15247 574
15248 545
15249 1026
15250 430
15253 1025
15259 1021
15300 90
15301 419
15305 227
15306 1000
15311 283
15316 329
15321 275
15322 989
15325 303
15329 291
15353 289
15357 71
15358 415
15365 209
15372 56
15374 910
15382 286
15383 280
15384 413
15386 409
15387 905
15388 898
15395 59
15396 253
15399 249
15400 887
15401 884
15409 404
15413 196
15414 42
15415 863
15416 401
15418 839
15419 831
15420 394
15422 796
15423 770
15435 141
15455 98
15457 15
15478 754
15479 248
15485 354
15495 277
15516 190
15523 346
15524 750
15528 276
15538 93
15552 75
15553 749
15559 136
15562 958
15568 218
15571 202
15572 745
15580 176
15582 156
15583 343
15585 134
15589 340
15596 246
15600 244
15608 189
15609 744
15614 135
15616 241
15617 706
15623 240
15624 704
15625 703
15626 698
15641 239
15657 326
15663 691
15664 274
15665 677
15666 238
15668 232
15669 225
15678 31
15681 325
15682 173
15685 288
15687 197
15688 676
15695 119
15706 279
15708 385
15712 675
15714 187
15715 674
15717 195
15718 673
15770 94
15774 583
15784 66
15786 259
15793 89
15799 27
15800 245
15802 551
15805 157
15814 35
15816 260
15821 230
15824 501
15829 224
15846 37
15847 243
15850 87
15880 26
15882 492
15891 72
15898 191
15899 242
15905 490
15907 451
15911 201
15912 231
15913 446
15917 168
15920 226
15931 17
15933 1070
15935 63
15938 160
15941 39
15942 399
15943 220
15947 391
15951 29
15959 24
15960 219
15961 390
15962 389
15971 9
15972 382
15973 217
15974 169
15977 381
15998 138
15999 10
16006 19
16010 129
16011 363
16013 165
16014 361
16020 88
16022 13
16032 47
16039 85
16040 351
16041 126
16042 161
16056 30
16065 319
16067 144
16068 140
16070 285
16083 5
16084 281
16091 99
16102 102
16106 45
16107 261
16108 132
16109 91
16110 36
16115 49
16123 3
16124 107
16128 44
16129 103
16148 61
16154 0
16155 223
16159 43
16174 41
16177 34
16210 12
16213 33
16216 198
16224 100
16225 84
16226 83
16227 67
16230 184
16231 115
16232 64
16234 54
16235 51
16258 4
16261 178
16262 167
16264 69
16265 50
16266 18
16274 1
16278 32
16280 8
16281 149
16310 6
16312 147
16324 16
16331 28
16332 14
16333 104
16334 11
16335 82
16336 2
16338 76
16340 65
16348 46
16349 22
16352 40
16353 7
16368 62
