13 3943
14 5237
22 942
24 2399
25 4036
26 1353
27 4336
28 4562
29 3213
45 435
46 436
62 262
65 3724
70 3554
71 4273
74 5141
75 2912
78 1504
80 3111
81 1708
82 1975
85 3476
88 1044
93 4269
95 2909
97 4316
98 3985
106 912
113 3036
114 2800
115 4717
122 2491
123 3556
124 1664
128 1916
135 994
140 2982
141 1556
142 3856
161 4315
163 622
164 3753
165 2756
178 1744
179 1472
183 2761
185 708
187 1673
188 3712
192 4059
193 1338
194 3837
195 869
197 1725
199 3747
200 3518
205 1027
214 987
215 707
231 591
232 2290
238 2841
244 3141
245 2255
252 3800
253 3925
254 1631
260 913
267 3729
269 3437
272 2269
281 2589
283 3022
284 2383
293 2757
294 3557
299 4261
302 1936
309 3942
312 4108
315 4194
320 1444
321 777
339 108
345 632
348 4688
350 5200
351 709
352 2218
357 3975
358 3725
360 1577
364 3160
365 592
369 3875
372 3291
373 3290
374 4455
375 399
376 5188
379 1493
380 3658
385 1750
392 675
396 3262
400 3011
403 1318
408 3648
409 2513
410 3233
414 2282
449 2417
450 3223
482 408
491 2857
492 3519
495 45
500 2689
510 4553
523 5119
543 1473
546 132
547 1474
570 437
573 885
574 1118
580 574
593 1613
598 5133
615 819
624 109
628 4283
639 278
676 579
677 4586
715 2475
717 5080
727 189
731 553
733 279
734 3030
735 5075
743 820
748 2981
749 3027
750 3645
751 4020
773 438
778 4305
782 5012
787 4993
800 4499
811 866
820 2955
822 4935
824 439
830 4985
831 2984
832 1795
833 2979
834 3096
836 1376
839 3695
844 4982
851 2480
853 3247
855 3893
864 3069
866 3225
869 1236
880 3215
882 2885
884 2785
885 2135
887 3424
888 1518
890 4953
894 1413
896 29
899 160
914 3671
915 4286
920 2337
921 1933
925 889
930 2321
934 489
937 1
938 4018
939 3164
941 208
950 623
951 4948
953 1023
1000 576
1006 1787
1008 1615
1010 4942
1013 4763
1014 1600
1023 254
1024 2325
1025 3771
1026 3772
1028 2774
1029 2809
1044 1815
1045 2811
1048 4306
1050 4903
1051 4879
1058 1825
1059 2554
1073 2569
1074 710
1075 2291
1078 1330
1090 1665
1092 4368
1093 1908
1098 2957
1101 4531
1104 2771
1105 3211
1107 4398
1109 2925
1116 1113
1124 2858
1125 3534
1149 2334
1150 3438
1151 2866
1153 2997
1154 4713
1157 2127
1172 400
1174 4611
1186 554
1187 4813
1194 3484
1217 2338
1229 1465
1234 633
1248 1745
1254 291
1258 2444
1265 1245
1267 2864
1278 1268
1279 4067
1280 1596
1281 5147
1289 4703
1292 4701
1293 4074
1310 237
1311 1894
1321 1895
1322 3241
1323 1751
1327 1020
1339 1182
1341 2523
1343 1726
1344 2713
1346 4758
1347 1951
1350 1567
1353 3679
1356 877
1373 89
1375 54
1376 4745
1378 4420
1383 4934
1386 238
1403 1528
1404 3514
1405 2707
1407 1354
1408 2504
1425 856
1427 3746
1430 1896
1436 3642
1488 988
1490 4636
1493 3672
1497 2938
1498 2886
1499 3054
1508 1843
1511 1377
1519 2637
1520 1519
1545 724
1549 3795
1550 3037
1551 4607
1552 4606
1556 4199
1560 4591
1561 989
1563 2085
1588 90
1589 4573
1594 1445
1595 339
1599 3284
1600 2835
1606 1752
1608 3089
1611 3439
1613 4053
1620 374
1621 5049
1653 440
1656 4207
1658 218
1660 4930
1662 4418
1667 990
1668 4443
1669 4511
1670 4510
1672 1560
1674 2477
1675 2616
1685 1897
1694 555
1695 4482
1696 3773
1699 4505
1711 1545
1727 878
1728 499
1736 2685
1738 239
1765 263
1776 995
1782 3809
1787 91
1793 3968
1796 161
1798 4392
1817 1606
1818 2859
1821 4382
1822 3889
1823 4237
1825 3759
1829 1475
1832 1275
1833 3197
1834 3165
1836 4353
1838 401
1839 1246
1840 762
1841 634
1854 13
1855 3750
1857 4403
1858 711
1859 2068
1860 3500
1862 2763
1877 1898
1878 5189
1879 4035
1880 3023
1896 2044
1897 1446
1908 4162
1910 340
1914 2686
1915 2940
1916 4252
1941 356
1958 1309
1959 3270
1962 3776
1963 1546
1966 2723
1967 4230
1968 3566
1969 4216
1976 5117
1981 4373
1982 1476
1983 4180
1985 259
1989 2059
1992 3481
1995 1045
1997 635
2001 2519
2003 4238
2004 2117
2009 3394
2010 2580
2042 1899
2043 3851
2044 3626
2047 970
2049 580
2054 3944
2055 855
2059 1206
2072 2190
2073 3879
2074 725
2075 3990
2076 821
2080 3562
2081 749
2085 2893
2087 2086
2115 544
2116 5121
2117 1985
2118 1984
2119 1983
2120 1982
2123 4765
2124 3208
2127 2405
2133 441
2136 3867
2142 4062
2143 2934
2144 3581
2155 782
2165 1718
2169 3063
2182 1687
2184 3569
2185 1616
2186 3937
2190 2923
2193 1574
2200 788
2201 4867
2202 2206
2203 2200
2212 442
2215 4817
2222 4816
2223 3774
2239 891
2243 3673
2247 4826
2248 3821
2249 139
2250 292
2255 1637
2259 3803
2287 162
2293 341
2295 4334
2298 5142
2303 4506
2304 3709
2306 2042
2307 650
2309 766
2316 3749
2326 2180
2328 1571
2329 4598
2331 3579
2332 5241
2334 5172
2335 1937
2338 1046
2339 3561
2340 3393
2341 946
2342 3359
2348 1501
2350 3418
2352 3163
2355 4466
2356 2600
2368 234
2385 2541
2386 3699
2388 4165
2394 2280
2404 636
2409 4863
2410 2867
2420 1281
2443 3328
2449 1047
2450 637
2451 3010
2452 4436
2455 3848
2457 2087
2459 3273
2465 1510
2474 2514
2475 3190
2476 3212
2485 430
2487 4642
2490 3097
2501 342
2503 1683
2504 2047
2505 2136
2506 5161
2511 2708
2512 255
2515 4471
2516 3360
2526 2779
2527 3751
2530 1048
2532 1977
2535 1049
2536 3348
2556 804
2557 4825
2558 613
2559 2535
2560 529
2561 5203
2562 3515
2563 3663
2566 3043
2568 2894
2569 3505
2591 795
2592 1511
2593 5185
2596 4344
2607 2304
2611 4966
2613 4419
2614 2315
2620 327
2621 4075
2622 2813
2623 4076
2624 5153
2630 1731
2654 97
2655 46
2656 5042
2661 1194
2664 5126
2666 5041
2710 264
2712 4612
2713 2481
2720 241
2741 443
2742 1859
2749 5086
2750 4138
2752 280
2754 4973
2761 947
2762 5081
2770 3351
2771 2463
2773 3091
2774 3582
2783 1783
2784 5056
2785 5021
2789 1666
2797 1972
2803 1502
2805 1375
2806 2730
2810 3507
2823 1866
2826 3156
2846 47
2848 2564
2851 3499
2852 1968
2870 1959
2877 2942
2879 3743
2883 857
2912 2187
2915 1547
2917 2581
2922 2001
2926 2657
2936 2207
2938 2954
2949 431
2950 3417
2952 444
2959 914
2980 593
2981 2936
2982 614
2984 4425
2991 1727
2993 2088
2997 3917
3006 2620
3007 2988
3032 265
3033 2887
3034 2570
3037 2153
3048 2888
3052 2680
3053 1858
3055 3583
3056 1638
3058 2617
3059 1909
3062 4901
3063 1247
3066 651
3067 4928
3068 2469
3073 3032
3074 4924
3076 1050
3096 163
3099 2895
3100 2856
3102 4360
3105 4317
3113 98
3119 2852
3136 4007
3164 1183
3171 281
3173 4854
3174 3379
3178 209
3185 3734
3186 754
3188 3152
3193 3099
3194 2764
3195 745
3196 4369
3197 1769
3199 4840
3200 4720
3204 2453
3206 4712
3207 2333
3209 3191
3228 2758
3231 506
3239 4670
3243 1173
3265 2482
3279 4802
3280 1235
3283 4077
3286 3680
3291 3387
3292 3161
3293 1847
3297 4846
3310 375
3312 1911
3316 140
3321 2868
3323 2191
3345 2238
3347 4856
3362 4855
3372 445
3377 4931
3383 4430
3386 164
3387 1796
3388 4738
3409 638
3411 2434
3412 1414
3418 1667
3420 427
3430 2239
3431 4240
3441 402
3442 3674
3449 409
3450 2305
3451 2737
3452 3460
3466 4140
3501 1477
3502 1248
3507 3454
3508 2115
3511 2889
3516 4412
3522 4864
3524 2473
3526 3209
3532 4641
3534 2089
3547 2709
3553 2727
3561 1529
3593 412
3594 3461
3595 1226
3599 4605
3607 3028
3618 1237
3630 1430
3631 3124
3632 971
3633 2520
3651 1132
3652 3584
3653 4380
3654 3408
3655 3585
3677 915
3679 1109
3681 2585
3682 4408
3683 2745
3684 4387
3685 3234
3716 972
3718 1378
3719 507
3721 3060
3725 1607
3730 418
3731 110
3743 1601
3744 4453
3748 5180
3750 4381
3752 3142
3754 2829
3765 1668
3766 3586
3772 4256
3773 3890
3804 2125
3811 3675
3812 4078
3814 3587
3818 4737
3819 2810
3820 4079
3821 2830
3824 4080
3825 3982
3826 3172
3827 902
3839 530
3843 2869
3844 4432
3845 4431
3849 3998
3850 3435
3851 4648
3852 4422
3853 4394
3858 2400
3872 671
3873 1901
3875 2770
3876 2991
3877 2012
3878 3702
3890 1174
3909 376
3910 2352
3916 2594
3917 1575
3922 377
3927 678
3937 432
3939 679
3944 2416
3946 2322
3948 2736
3953 2956
3955 2359
3964 4296
3965 1860
3967 4404
3977 1512
3980 3558
3982 3564
3983 1902
3988 4003
3989 4276
3990 1688
3996 2219
3998 2648
3999 1355
4000 3269
4013 133
4015 858
4017 4215
4018 4295
4019 4182
4021 4589
4023 1460
4027 198
4032 2752
4033 3412
4034 4161
4036 660
4037 4775
4038 64
4040 4164
4046 446
4051 4141
4052 3228
4068 1319
4069 3563
4080 1689
4081 4502
4102 2598
4103 3871
4104 1826
4106 3959
4110 4011
4115 661
4116 5220
4117 2639
4125 879
4128 3786
4135 9
4138 1928
4139 2961
4141 3277
4143 3369
4144 3961
4146 531
4148 3006
4164 447
4180 1209
4181 4004
4182 3988
4183 3994
4186 3993
4189 2668
4195 1530
4196 3973
4199 3835
4211 767
4213 1702
4241 282
4242 4209
4245 3855
4247 2962
4249 1379
4250 2963
4252 3491
4254 3891
4255 293
4258 1395
4259 5054
4261 3866
4262 1817
4263 4187
4264 3780
4265 4569
4266 3775
4267 3862
4269 843
4272 4824
4273 2524
4275 4195
4276 4677
4278 3858
4283 1431
4284 2353
4286 4865
4288 4866
4289 2146
4290 2805
4293 3769
4298 2069
4301 2640
4302 1548
4319 2150
4351 2769
4353 1917
4354 2013
4355 1051
4364 1110
4365 3640
4366 3635
4371 3508
4372 4646
4376 1017
4377 2090
4379 3012
4380 3965
4382 1228
4383 1276
4416 1387
4422 2525
4425 3777
4426 4587
4427 3403
4428 2435
4431 1827
4432 1337
4433 2603
4442 903
4446 1249
4451 2298
4458 1478
4466 1098
4467 3205
4468 2896
4469 3706
4472 165
4483 2958
4484 991
4485 3887
4488 4051
4490 3627
4493 2010
4495 4753
4511 448
4512 712
4513 449
4515 822
4525 1792
4550 965
4552 1356
4554 343
4555 1297
4575 397
4576 1283
4583 14
4588 1447
4624 378
4625 2929
4630 3042
4631 2690
4632 532
4633 2820
4634 3926
4635 2226
4638 704
4639 2091
4640 2880
4641 3971
4642 1328
4643 5184
4650 3143
4656 4566
4673 2060
4685 5067
4697 996
4700 242
4702 1348
4703 1797
4704 4167
4705 508
4708 916
4712 2978
4713 763
4724 2335
4727 3555
4743 111
4748 294
4750 4149
4755 1052
4756 2075
4759 2227
4760 2323
4765 2076
4766 1134
4771 295
4773 509
4774 2306
4775 1853
4777 4916
4781 3318
4782 1952
4793 2842
4798 2642
4814 1415
4819 3200
4822 219
4825 3628
4826 4588
4828 5016
4834 4081
4835 4444
4836 4631
4846 450
4847 3367
4868 1964
4870 1962
4875 2532
4877 1505
4878 3321
4896 1396
4952 1239
4954 5008
4955 5007
4958 4828
4959 4060
4960 1947
4966 1432
4967 1828
4975 1821
4983 862
4988 3040
4989 1479
5052 159
5055 1513
5056 3166
5057 3752
5059 4962
5060 3088
5061 1316
5062 2976
5065 2092
5067 510
5078 783
5081 4959
5083 4174
5084 4175
5087 4019
5107 379
5109 1499
5116 726
5119 4926
5125 248
5130 2055
5131 4082
5134 639
5136 805
5137 4761
5143 1135
5144 4258
5156 5223
5162 3676
5164 1331
5166 1779
5172 917
5175 1136
5181 959
5182 4037
5184 3322
5194 1024
5202 2798
5209 1602
5210 1053
5211 4891
5212 4906
5216 3420
5218 4777
5225 3134
5227 2347
5228 4736
5230 681
5231 5045
5232 4732
5233 2
5240 3552
5241 3513
5246 99
5251 296
5255 2168
5256 4711
5257 4696
5259 2526
5260 4836
5261 4835
5262 451
5266 737
5267 4570
5268 4718
5271 4571
5287 407
5302 266
5346 166
5352 2595
5353 2307
5355 2139
5359 3129
5360 3486
5361 3653
5363 3924
5364 4794
5365 863
5366 1608
5367 2033
5385 297
5387 4785
5392 2436
5395 4188
5400 2766
5402 3574
5404 2591
5406 4780
5407 112
5408 893
5409 4772
5411 1978
5412 2014
5413 3477
5415 2755
5417 3827
5425 5222
5427 2772
5432 674
5434 594
5435 960
5441 1416
5444 3364
5445 4388
5446 4621
5464 1993
5465 1684
5466 4883
5468 5221
5469 2786
5477 3822
5478 3788
5479 4728
5481 3969
5483 3546
5485 3235
5486 4724
5488 2339
5490 4714
5492 4706
5497 1099
5503 1979
5505 2328
5510 605
5511 4974
5519 3401
5529 3265
5533 3718
5541 918
5542 4027
5543 2536
5545 4676
5546 3506
5547 1583
5548 4673
5555 55
5564 56
5570 3098
5571 4519
5575 2787
5577 4644
5578 595
5579 490
5597 2342
5601 2343
5602 1448
5605 1938
5606 243
5608 1397
5621 298
5622 1861
5626 4541
5629 2735
5631 2470
5632 4535
5634 217
5636 2542
5639 1212
5655 2464
5656 500
5659 1584
5660 4689
5661 4268
5667 4845
5668 4730
5672 739
5673 4243
5674 703
5695 1384
5697 4558
5698 3755
5712 328
5717 344
5729 2596
5730 3402
5731 3347
5738 3787
5739 2860
5740 167
5767 2537
5769 1230
5771 1398
5773 823
5774 4487
5787 57
5794 919
5807 920
5809 1822
5812 1585
5814 4473
5825 4278
5826 2424
5827 2015
5828 2388
5829 4024
5830 3153
5835 2308
5838 618
5839 4810
5840 1095
5843 3388
5848 1480
5849 2170
5851 2230
5853 2410
5862 3308
5901 1385
5934 1417
5938 3064
5953 1433
5957 141
5960 4203
5973 4829
5993 58
5995 2247
6008 4289
6009 1250
6010 2999
6012 4700
6023 371
6024 1449
6030 682
6031 2582
6033 3177
6037 4274
6039 3764
6056 624
6064 1494
6072 4228
6073 2795
6075 4148
6076 3812
6077 142
6078 4186
6079 4185
6081 3576
6082 501
6094 168
6095 3344
6154 2555
6156 2575
6158 1639
6159 4010
6160 1770
6161 4044
6170 4009
6172 323
6175 3255
6176 3765
6179 452
6183 2344
6184 2916
6185 3415
6190 2362
6218 1269
6219 329
6222 4083
6226 3760
6229 3865
6264 1753
6265 2812
6266 2188
6271 2093
6280 3683
6282 3932
6288 1939
6290 3915
6291 4623
6300 3895
6301 2870
6303 3766
6305 2128
6307 3884
6315 3852
6316 3206
6317 2437
6337 1793
6340 1054
6350 4752
6351 1133
6354 1763
6355 2814
6356 4767
6364 778
6375 190
6376 169
6380 1710
6387 2094
6388 3588
6389 4576
6390 1498
6408 1434
6411 511
6421 1119
6423 3624
6427 2384
6431 575
6434 1586
6442 2081
6443 3833
6446 4746
6448 3540
6455 4178
6456 4084
6465 317
6468 380
6482 1207
6494 779
6503 3700
6506 3488
6512 1016
6513 413
6524 2077
6525 4085
6527 3288
6529 3092
6530 2492
6532 768
6533 3178
6534 1224
6535 1223
6538 3789
6541 3013
6543 3093
6544 2017
6556 2759
6558 1918
6575 921
6576 5048
6579 5234
6583 3314
6610 113
6611 143
6626 3714
6627 1520
6628 3831
6629 3449
6631 5208
6632 3730
6635 144
6638 2449
6641 2215
6642 2119
6648 3940
6666 3952
6667 880
6669 5197
6675 1399
6700 114
6701 5205
6702 1940
6703 3074
6706 5171
6707 2493
6708 3520
6709 5170
6711 2681
6724 1732
6726 5140
6732 199
6735 4739
6737 3951
6738 5139
6744 5131
6746 2515
6748 2747
6774 585
6776 1022
6804 1307
6806 3605
6807 3604
6808 3370
6810 606
6813 3381
6815 1844
6823 318
6824 764
6825 881
6828 1025
6830 453
6832 2336
6835 4277
6838 2309
6857 780
6858 5057
6859 4189
6863 2140
6864 220
6867 4061
6868 4086
6878 3021
6884 4762
6888 3918
6891 2002
6892 713
6895 2149
6896 1251
6904 2683
6905 2192
6907 512
6908 5014
6911 2494
6913 2320
6914 4577
6918 3868
6919 3577
6920 1919
6934 652
6941 283
6943 3479
6944 1264
6963 607
6971 1120
6973 4399
7007 789
7010 3999
7011 3666
7013 2095
7014 851
7015 2348
7023 2096
7024 2505
7025 1041
7026 4811
7038 2738
7039 2461
7042 1147
7045 1703
7046 3047
7050 1141
7053 4413
7055 4989
7058 4950
7069 1531
7071 3014
7072 3256
7087 2067
7088 4224
7090 2430
7091 2890
7093 3135
7094 4397
7095 1854
7096 3589
7098 3696
7103 1627
7104 769
7105 859
7109 5050
7125 1748
7126 2883
7154 1669
7188 30
7194 2815
7197 1055
7204 950
7206 2855
7209 556
7245 844
7246 3033
7247 3824
7264 1103
7265 4975
7267 680
7277 31
7278 3778
7280 4722
7281 3580
7307 1435
7309 3395
7311 3813
7317 1867
7324 1640
7350 357
7355 2527
7356 4657
7357 2018
7383 267
7384 533
7386 1400
7442 200
7444 1056
7446 3345
7447 1798
7449 2316
7450 201
7452 2710
7459 59
7463 2165
7468 677
7475 2195
7477 4790
7479 4972
7481 2621
7482 673
7483 4768
7485 1285
7504 683
7506 4000
7510 1724
7511 1380
7515 4540
7522 1299
7523 4309
7524 4122
7525 4087
7533 852
7534 4723
7536 2672
7541 2438
7542 2817
7543 5078
7546 4225
7563 1733
7572 2636
7573 1762
7578 2622
7579 938
7584 2972
7585 5137
7586 3504
7588 4681
7590 4679
7592 3309
7594 4675
7595 4211
7596 4672
7597 4572
7601 4600
7602 4545
7603 2612
7615 330
7625 2604
7632 4555
7635 1057
7636 4635
7637 4627
7638 4022
7645 405
7647 4624
7648 4023
7650 3869
7689 60
7695 3701
7712 61
7713 4581
7715 1436
7716 145
7717 299
7718 4518
7719 2019
7725 2556
7726 2129
7727 3876
7768 268
7769 3333
7772 4530
7774 1994
7801 806
7802 3371
7807 4512
7811 1166
7824 740
7829 2050
7844 557
7853 2780
7854 3744
7855 4480
7857 3804
7861 4465
7863 3201
7877 4421
7878 3612
7882 1393
7883 1587
7885 3738
7888 4434
7893 848
7895 2039
7899 1100
7911 2070
7916 4563
7926 221
7935 2521
7956 454
7957 2319
7958 4358
7959 3310
7985 1175
7991 653
7999 2248
8000 3136
8031 3029
8036 4747
8037 4628
8045 115
8047 2232
8048 2724
8049 586
8053 249
8054 2253
8055 3535
8058 4275
8063 1388
8064 2583
8067 1195
8069 2397
8071 2250
8072 513
8074 2061
8077 2244
8079 1561
8087 1088
8116 654
8118 4212
8122 2623
8128 3440
8134 2605
8146 4163
8147 2116
8148 4137
8150 2716
8151 3521
8153 2056
8155 3179
8156 4136
8157 4118
8161 2426
8177 3198
8178 2249
8179 3311
8184 3906
8185 4996
8187 4542
8193 2021
8195 3015
8198 2163
8200 2806
8206 3157
8208 1196
8211 1357
8215 2268
8216 3016
8219 1370
8222 966
8224 1121
8231 1966
8254 1506
8255 4910
8261 514
8263 3958
8279 1845
8280 714
8282 1963
8298 2673
8299 1728
8301 3728
8302 3949
8305 1367
8307 1904
8308 3948
8310 3656
8312 757
8335 300
8336 1871
8340 2427
8349 3790
8352 1965
8365 1641
8366 3860
8367 1707
8369 1617
8372 4754
8374 2698
8375 515
8376 1679
8378 2971
8386 3731
8387 1481
8391 973
8395 3468
8398 3182
8400 1765
8403 3397
8404 3801
8408 1557
8409 3798
8428 3864
8437 3664
8441 3248
8442 2848
8443 3899
8446 2043
8448 4088
8449 3919
8452 4325
8457 3636
8458 922
8471 1829
8472 3295
8474 1544
8475 1549
8476 2933
8503 558
8504 4126
8505 1849
8511 3094
8512 1579
8513 2649
8517 250
8520 3086
8523 2950
8526 3536
8530 3173
8534 3380
8538 3355
8541 2775
8547 2548
8549 516
8552 345
8553 770
8557 1576
8558 1284
8579 3
8589 1771
8592 324
8593 2792
8595 904
8596 3202
8612 818
8614 1096
8615 3222
8623 5236
8625 3329
8626 5235
8628 3189
8629 4618
8630 3101
8641 134
8643 3323
8666 2078
8669 5152
8671 4719
8672 146
8676 5213
8678 3726
8680 2499
8701 1211
8702 3158
8704 5155
8705 4967
8708 5201
8710 755
8711 4176
8715 1300
8717 5196
8718 685
8719 5195
8721 546
8725 5108
8726 3103
8727 1058
8728 4006
8730 2702
8731 4426
8732 1690
8735 3138
8737 2292
8738 5106
8739 5093
8742 3112
8768 1320
8774 2389
8786 1848
8787 2398
8801 4168
8807 790
8811 5116
8815 741
8823 517
8824 1190
8851 814
8854 2345
8857 4129
8862 1503
8864 3606
8868 5099
8869 4260
8870 5084
8871 3122
8876 1682
8877 3447
8879 455
8881 3044
8887 5088
8888 1680
8891 932
8916 62
8920 1437
8922 1221
8925 3686
8928 5074
8932 796
8968 1788
8969 4604
8970 4428
8972 1389
8973 2051
8976 2447
8978 1633
9017 1634
9018 4279
9020 3522
9021 3523
9023 1642
9025 518
9026 4668
9027 4437
9030 1450
9037 3638
9038 5150
9039 5011
9053 5006
9066 2717
9074 4219
9075 1418
9082 1618
9090 3565
9092 1482
9093 2037
9094 4995
9095 3218
9098 1532
9099 116
9103 3829
9124 170
9125 1458
9126 2920
9127 1868
9128 3436
9130 5192
9133 381
9135 3568
9138 1855
9143 997
9147 2506
9149 4947
9151 3914
9184 998
9188 797
9189 5120
9194 1401
9207 1960
9208 3524
9209 2731
9211 4927
9216 1310
9217 2371
9224 4918
9241 1286
9248 3779
9249 3590
9255 1301
9264 1525
9265 4887
9266 4073
9267 3278
9269 2360
9273 84
9283 1222
9306 833
9312 4001
9313 1059
9314 1973
9316 346
9325 85
9327 3183
9335 2203
9337 4843
9338 2992
9341 640
9360 864
9387 1332
9389 1287
9391 3733
9392 2413
9397 1277
9408 1784
9413 4284
9414 4297
9417 1772
9419 1390
9426 1288
9432 1738
9433 4089
9439 1495
9441 4208
9450 2045
9458 48
9459 3825
9471 416
9482 615
9483 3495
9485 2285
9486 3537
9488 4784
9491 3104
9504 3130
9511 1391
9514 3271
9517 1872
9518 4936
9522 63
9572 15
9579 5065
9591 3934
9593 3629
9595 4685
9597 4047
9606 4827
9616 1967
9618 4615
9629 3117
9630 4253
9631 4371
9634 3425
9639 117
9643 568
9647 2349
9649 771
9656 1060
9659 980
9710 86
9712 2154
9713 419
9715 4731
9717 4544
9721 4543
9722 3525
9723 3272
9732 2706
9735 1137
9736 1252
9755 301
9758 3741
9759 147
9760 4582
9763 260
9764 1799
9765 5122
9769 2624
9773 798
9774 5123
9785 118
9800 886
9829 727
9831 4529
9832 4486
9862 1358
9863 3007
9865 4495
9867 4774
9869 1061
9870 244
9871 4327
9889 596
9890 3257
9892 2897
9893 4017
9895 4481
9907 383
9913 3572
9915 581
9921 4378
9922 2048
9924 2776
9937 1321
9943 1148
9944 2460
9946 2762
9959 4406
9962 240
9964 2390
9968 3462
9974 3441
9979 4483
9980 1253
9983 2299
9984 3292
9986 2450
9987 1570
9988 3622
9993 1322
9994 3838
10000 1739
10002 4385
10004 3357
10022 1691
10024 2082
10026 1178
10039 608
10041 1219
10055 284
10056 4976
10062 2235
10081 3224
10096 384
10113 1143
10115 4251
10116 4159
10117 1800
10130 428
10133 178
10134 177
10148 149
10153 3118
10154 4231
10158 65
10162 2003
10163 4375
10178 4160
10180 5173
10183 2788
10186 3411
10211 1719
10235 171
10243 251
10246 4046
10247 2871
10251 772
10252 4254
10253 2181
10268 222
10310 4
10317 3957
10338 4308
10341 3987
10346 3901
10350 1062
10351 882
10352 3085
10354 2208
10355 3947
10356 3946
10358 2898
10376 2625
10381 1035
10382 3928
10383 597
10388 2935
10390 1980
10391 3162
10406 1692
10407 5206
10412 2849
10427 172
10432 3710
10433 3842
10435 2286
10438 3548
10439 1903
10445 3685
10446 3678
10456 1167
10458 2899
10463 2240
10467 3148
10468 3184
10476 2516
10477 2020
10478 2983
10490 1754
10496 2732
10497 2734
10499 4691
10500 3907
10501 2650
10513 3296
10514 4267
10517 3625
10519 191
10522 3575
10524 100
10526 2241
10532 547
10539 2932
10543 2370
10549 655
10550 491
10552 2565
10555 2220
10559 3487
10561 3469
10564 4427
10588 2593
10590 834
10597 173
10600 1713
10601 5199
10602 1291
10615 2691
10620 2004
10623 1419
10637 5178
10638 3254
10640 3807
10652 2626
10655 2926
10656 2363
10657 1144
10672 3304
10676 3187
10677 5097
10679 4716
10682 5164
10684 4294
10711 385
10719 3470
10726 2155
10762 101
10763 2171
10765 758
10791 2549
10792 4818
10794 1140
10801 2156
10805 3715
10807 3115
10818 5066
10819 1339
10822 5064
10824 2251
10825 870
10841 16
10842 3368
10847 5128
10850 2975
10871 2314
10872 5033
10878 3543
10879 982
10880 4647
10881 5111
10884 4830
10895 1311
10896 887
10897 5102
10898 4372
10904 5031
10906 5023
10907 1496
10910 625
10912 896
10918 2725
10919 2550
10923 2375
10925 3242
10926 534
10931 2196
10936 5058
10942 66
10956 2543
10966 2789
10967 3293
10969 1540
10983 1101
10986 2947
10990 4155
10991 3353
10996 728
11002 2364
11009 4915
11011 2900
11012 4469
11015 302
11016 5013
11017 5051
11026 420
11028 4991
11030 3853
11032 791
11034 3471
11035 5040
11037 4833
11047 1670
11052 983
11053 1231
11054 4992
11066 3670
11077 1155
11082 456
11093 1865
11102 1272
11107 999
11108 4021
11109 2910
11112 2005
11113 2661
11114 4337
11120 5209
11121 2172
11125 2557
11132 1197
11141 4190
11148 559
11152 1830
11175 825
11182 974
11183 943
11186 1981
11194 2173
11196 4969
11197 827
11199 3516
11213 3389
11215 4961
11216 4960
11223 102
11227 3017
11231 1340
11233 148
11241 359
11275 807
11279 4889
11280 4917
11284 2533
11285 4888
11293 3105
11318 1929
11325 1930
11328 1931
11372 1924
11379 2964
11400 1873
11401 924
11402 1198
11403 2365
11405 3106
11410 4694
11411 4834
11416 967
11418 2773
11426 2270
11427 2765
11442 2395
11444 1643
11445 2022
11447 1104
11459 4805
11461 1562
11462 4804
11464 519
11465 4664
11467 4803
11468 785
11470 4662
11472 457
11490 1941
11491 1420
11493 1912
11495 2754
11502 3881
11522 4128
11528 4232
11537 3538
11539 4699
11557 2454
11561 4771
11563 319
11566 3229
11572 619
11577 2590
11579 2714
11583 4272
11591 1597
11593 4750
11602 2544
11604 826
11607 2197
11609 656
11610 2921
11611 2317
11612 1213
11613 1187
11616 4617
11617 3433
11621 686
11622 4423
11623 4727
11626 3991
11629 2366
11630 1874
11631 3690
11638 901
11640 1333
11641 4704
11642 4687
11661 1149
11662 4461
11664 4214
11670 773
11696 1122
11700 1875
11712 1421
11713 4653
11718 4650
11719 4649
11721 4517
11733 1876
11734 2372
11746 1168
11785 252
11788 1991
11791 386
11792 2431
11801 1359
11806 1870
11808 3230
11811 2271
11812 1734
11815 2618
11816 4579
11820 4048
11821 2376
11822 2952
11823 4755
11824 1619
11828 4574
11829 3826
11840 2272
11841 2467
11842 4557
11844 3745
11861 192
11863 2040
11865 4534
11868 421
11876 774
11878 3654
11879 4522
11891 274
11892 1704
11893 4484
11898 2777
11899 2606
11902 3237
11903 3978
11910 545
11911 2451
11919 1527
11923 2079
11924 905
11925 984
11926 4171
11929 4179
11939 2122
11944 2944
11951 1877
11964 587
11965 4200
11967 3324
11968 4603
11969 4435
11971 4460
11979 2803
11991 4458
12016 2664
12017 4405
12032 2445
12034 5124
12040 2161
12041 4410
12042 3791
12043 3219
12045 1658
12046 4116
12049 2973
12050 4384
12051 3591
12053 3216
12054 2428
12056 1000
12065 742
12066 1620
12070 1942
12071 3665
12074 2692
12085 560
12101 256
12106 3392
12107 3199
12110 2041
12112 3482
12113 4331
12118 150
12121 4795
12122 4831
12130 1145
12135 1001
12141 119
12149 1341
12151 4217
12155 1507
12157 3979
12158 3882
12160 2147
12161 3962
12165 2310
12166 3303
12187 2066
12192 4812
12193 4246
12212 729
12213 4374
12235 4130
12247 1402
12248 4145
12252 4666
12256 4134
12260 2913
12262 2778
12263 3400
12266 3616
12268 1878
12286 1368
12287 1462
12290 4045
12291 2016
12295 1992
12296 2138
12302 2807
12306 1176
12307 5035
12308 835
12311 1818
12312 3872
12313 1588
12318 4226
12320 4400
12321 4401
12324 1644
12334 799
12337 103
12338 5190
12365 458
12369 3929
12370 3000
12373 1360
12380 370
12386 1621
12387 4489
12389 1028
12406 736
12409 672
12411 3384
12414 4361
12419 3455
12422 626
12423 3592
12425 4220
12453 1483
12458 4310
12460 4311
12472 1645
12473 3854
12478 1578
12491 2418
12492 765
12496 459
12498 687
12503 641
12504 3799
12507 1063
12512 3939
12545 951
12547 2419
12551 4729
12552 2326
12553 535
12554 1611
12587 1533
12599 1969
12606 836
12611 2993
12612 4157
12614 3806
12615 3814
12616 3886
12617 3430
12618 4414
12627 1614
12637 701
12639 1780
12640 4298
12641 3341
12642 3697
12644 3634
12645 3385
12654 1342
12659 1422
12660 1265
12664 738
12665 1371
12675 1819
12676 3274
12678 460
12679 1210
12687 2607
12688 1002
12689 3429
12691 688
12695 4169
12696 3571
12701 1781
12703 5168
12704 4467
12707 5166
12709 2674
12710 1064
12712 2965
12720 1932
12722 2058
12733 403
12735 2340
12739 1563
12742 2927
12743 2645
12745 4177
12749 3984
12751 5231
12758 2151
12763 894
12781 461
12786 2166
12787 4291
12788 2023
12797 3496
12798 5204
12801 4884
12802 4090
12803 3075
12806 202
12842 1036
12849 2474
12851 462
12852 2530
12860 360
12861 2994
12863 5154
12865 5145
12866 2827
12868 3339
12874 2627
12884 2566
12885 3593
12887 5132
12927 502
12928 463
12930 4939
12938 662
12940 5109
12968 1361
12971 223
12980 1199
12981 1244
13008 815
13010 2164
13012 5017
13013 1811
13022 5073
13026 925
13029 2651
13031 5015
13032 663
13034 4796
13035 4014
13036 3916
13056 17
13060 642
13067 1681
13068 5046
13096 1003
13142 1362
13144 4415
13153 2796
13164 536
13167 4500
13174 2006
13175 3149
13177 2703
13190 939
13191 2478
13196 979
13199 2483
13202 3784
13205 926
13220 582
13276 269
13282 1123
13283 4063
13291 3735
13292 4956
13310 1566
13311 4038
13318 945
13319 598
13320 4923
13321 1541
13322 303
13325 4741
13328 2586
13333 1622
13334 786
13346 1693
13352 406
13355 4528
13357 4892
13364 664
13369 2711
13371 347
13384 2420
13385 1630
13387 4474
13388 1564
13389 3305
13390 4977
13404 2097
13411 1169
13413 4853
13415 5136
13422 1988
13469 2665
13470 1254
13480 1603
13481 4809
13482 4091
13483 3639
13485 4808
13486 5053
13490 3920
13493 1714
13496 1715
13497 3823
13498 3174
13501 837
13520 1004
13521 3810
13526 4092
13528 751
13529 706
13556 781
13558 5148
13597 561
13600 67
13604 3217
13614 52
13615 702
13616 3263
13619 2465
13620 4769
13621 2381
13622 2652
13624 1005
13625 4503
13628 4756
13635 3203
13636 609
13641 4285
13647 2432
13649 520
13651 2396
13653 1999
13659 927
13664 3167
13673 2167
13675 4725
13677 4616
13680 2038
13682 2653
13683 2739
13684 3125
13702 3336
13703 3382
13704 4684
13705 2558
13711 2608
13712 210
13713 800
13714 304
13717 2635
13740 1347
13741 2619
13749 2951
13801 871
13802 4464
13813 2500
13815 4613
13831 1646
13832 4154
13834 3649
13837 537
13847 331
13859 3276
13862 2294
13864 3343
13929 68
13931 3365
13932 4521
13955 203
13966 1755
13970 2884
13971 2901
13989 928
13990 3815
13992 4054
13995 1220
13999 2628
14003 332
14004 4452
14007 929
14009 930
14020 2193
14033 3352
14037 3168
14051 2209
14067 730
14078 3544
14079 2421
14089 808
14090 151
14093 1879
14094 4206
14096 4201
14102 69
14123 320
14128 1349
14130 4352
14131 4351
14132 2295
14135 4119
14149 0
14153 4438
14154 3409
14157 4093
14159 4257
14165 2576
14170 4342
14171 5238
14174 4262
14175 5034
14176 1720
14181 1659
14182 2283
14265 433
14282 4144
14286 2276
14302 4135
14308 2718
14316 2853
14317 3761
14319 1671
14324 2966
14325 2178
14337 2169
14338 4058
14339 4050
14340 1801
14344 1278
14345 3732
14346 2712
14351 1029
14353 3849
14357 2528
14358 4040
14369 3330
14370 1802
14371 3154
14372 1266
14373 4094
14374 4280
14376 1814
14377 1756
14379 2098
14383 3463
14384 1987
14385 1279
14403 1735
14414 2948
14419 464
14424 2687
14430 1721
14431 4364
14485 70
14496 1451
14497 975
14498 3885
14499 3782
14500 2825
14502 4742
14512 538
14534 897
14540 465
14541 2062
14542 715
14543 3432
14547 1191
14550 4068
14552 599
14558 743
14559 906
14560 3431
14562 2256
14599 931
14600 3667
14606 2254
14615 348
14616 4266
14619 2446
14620 3623
14621 4629
14627 398
14628 752
14638 1534
14639 4475
14647 1006
14648 1065
14652 3464
14661 948
14662 3188
14664 3434
14667 2455
14690 3025
14691 907
14698 2287
14707 2891
14709 1238
14710 3048
14711 3289
14746 1647
14747 4028
14763 3220
14766 1066
14767 305
14770 4847
14771 3186
14781 2658
14807 466
14808 3594
14809 4197
14818 87
14834 1381
14840 3938
14841 4210
14842 4911
14843 4151
14844 4312
14845 5156
14854 1949
14864 387
14865 1920
14868 4868
14869 4008
14870 2130
14872 2131
14886 3850
14894 5072
14924 10
14932 1694
14933 2924
14952 761
14967 275
14969 1200
14970 3302
14972 2259
14976 2781
14982 18
14983 2034
14985 5110
14990 5105
14991 1273
15003 467
15005 548
15006 1803
15007 4348
15010 1067
15066 2401
15073 3024
15081 1089
15082 985
15108 1363
15123 867
15125 2850
15126 1255
15127 2063
15144 865
15145 2099
15148 4095
15150 4333
15154 5028
15159 174
15160 1589
15161 3767
15163 3816
15166 1695
15170 1635
15171 3845
15172 3407
15173 3595
15175 2719
15181 5019
15182 4914
15184 120
15186 2941
15187 4429
15188 5010
15189 3596
15191 3669
15192 2071
15194 2354
15195 3243
15196 3107
15197 4980
15198 1709
15200 3684
15205 2300
15206 2539
15208 5004
15209 3119
15214 3264
15217 4055
15218 5001
15221 4945
15227 4913
15235 204
15244 333
15245 1068
15246 4757
15247 3808
15248 3900
15249 4987
15250 3630
15251 4986
15252 4984
15253 2629
15258 3019
15259 4983
15300 1722
15301 824
15305 306
15306 744
15311 1757
15316 1179
15321 1372
15322 4958
15325 2630
15329 952
15353 410
15357 3817
15358 4899
15365 1535
15366 4938
15372 4123
15374 4921
15382 2057
15383 976
15384 657
15386 5138
15387 4121
15388 4120
15395 3331
15396 4894
15399 1114
15400 4898
15401 4897
15409 1124
15413 4416
15414 2872
15415 4880
15416 1729
15418 2831
15419 104
15420 4170
15422 4874
15423 2821
15435 2559
15455 1463
15457 1069
15477 1007
15478 3681
15479 2484
15485 4501
15495 3691
15516 2843
15523 1090
15524 4198
15528 627
15538 588
15552 828
15553 4806
15559 1392
15562 2100
15568 3266
15571 2728
15572 4656
15580 1184
15582 1953
15583 4660
15585 600
15589 3631
15596 3076
15600 2551
15608 2552
15609 2750
15614 1150
15616 1831
15617 1723
15623 2355
15624 4788
15625 1105
15626 3727
15641 4882
15642 4638
15657 731
15659 468
15663 1672
15664 2439
15665 4056
15666 2301
15667 2302
15668 4708
15669 3120
15678 3618
15681 4637
15682 3049
15683 569
15685 1880
15687 3902
15688 4751
15695 4819
15706 4454
15708 2101
15712 4697
15714 2102
15715 4184
15717 2726
15718 1030
15770 2141
15774 3155
15784 121
15786 3210
15793 944
15799 2174
15800 5191
15802 4213
15805 2103
15814 92
15816 1008
15821 2715
15824 4640
15829 2406
15846 358
15847 4690
15850 2221
15880 1438
15882 3410
15891 321
15898 3633
15899 4799
15905 2836
15907 4580
15911 1609
15912 2257
15913 4329
15917 1106
15920 2216
15931 5
15933 1070
15935 838
15938 3108
15941 1921
15942 4549
15943 1459
15947 4538
15951 3020
15959 24
15960 3306
15961 2486
15962 4533
15971 2495
15972 1773
15973 3192
15974 3315
15977 3334
15998 3509
15999 3597
16006 1156
16010 1789
16011 3299
16013 2377
16014 391
16015 390
16020 690
16022 549
16032 429
16039 2560
16040 3794
16041 3349
16042 3489
16056 105
16065 2749
16067 2471
16068 3244
16070 3249
16083 829
16084 3065
16087 363
16091 3279
16101 816
16102 3703
16106 2407
16107 2959
16108 1943
16109 4244
16110 4015
16115 601
16123 1823
16124 4393
16128 1648
16129 5143
16131 3607
16148 175
16154 4057
16155 3494
16159 469
16162 1312
16174 550
16177 3087
16210 1323
16213 3072
16216 839
16224 245
16225 3650
16226 4869
16227 3995
16230 3553
16231 1804
16232 4643
16234 2669
16235 3608
16258 12
16261 4300
16262 1832
16264 1403
16265 2720
16266 3888
16270 1840
16274 2721
16278 3061
16280 3609
16281 2217
16310 19
16312 2177
16314 2176
16324 88
16331 1466
16332 2507
16333 2531
16334 2132
16335 3079
16336 3294
16338 4147
16340 5210
16347 1948
16348 2054
16349 1989
16352 521
16353 4832
16357 1850
16358 4937
16368 1151
16389 1201
16393 1185
16414 1324
16415 3050
16429 2945
16433 3877
16469 2414
16470 1945
16471 2641
16475 2609
16482 2157
16483 4619
16484 3950
16485 2577
16486 4236
16495 1881
16496 4997
16498 349
16505 3687
16506 1031
16511 2175
16513 2327
16521 1163
16523 3931
16543 2840
16545 4109
16553 2844
16554 2476
16563 2845
16565 2846
16568 2517
16570 3878
16575 1497
16576 1764
16584 3704
16589 1636
16590 1805
16594 539
16598 3967
16607 705
16608 4270
16609 1743
16611 643
16620 3711
16621 3327
16622 3756
16624 2790
16640 135
16643 3668
16644 2553
16647 2631
16648 1612
16649 1009
16651 4313
16654 1071
16655 3708
16659 1696
16674 540
16675 3560
16676 883
16694 589
16696 610
16703 3783
16708 1329
16717 2311
16718 4692
16719 3526
16722 562
16726 563
16727 211
16728 3832
16729 583
16730 1806
16741 176
16742 3340
16743 1270
16747 1382
16749 2654
16751 3214
16754 2693
16755 1565
16756 3966
16765 2351
16766 32
16770 33
16778 849
16779 5179
16783 5177
16800 4498
16801 1662
16802 5167
16803 3386
16817 1439
16818 2822
16819 3905
16820 4255
16823 5096
16830 5095
16831 2433
16834 3001
16835 2385
16837 2485
16853 3002
16858 34
16872 1758
16876 564
16877 1922
16881 1256
16882 3527
16886 5094
16888 1623
16889 1112
16890 2939
16891 5207
16892 5157
16899 2610
16900 3144
16906 1820
16921 1598
16922 5134
16931 1536
16932 5092
16935 3748
16937 5091
16940 3169
16941 3992
16945 5175
16946 658
16953 2233
16955 4166
16957 4857
16958 1542
16962 3559
16963 5144
16967 1364
16971 5043
16976 1590
16994 1177
17001 2508
17006 3742
17015 3936
17016 3528
17017 2659
17019 4049
17021 2391
17022 3529
17038 6
17039 2861
17075 1464
17076 3896
17082 2587
17086 2458
17089 2331
17090 3123
17099 3342
17113 35
17114 4222
17116 1334
17118 3335
17120 3018
17121 5063
17122 3927
17124 3754
17125 3041
17126 3109
17127 3372
17131 1188
17134 3617
17135 1882
17137 3610
17141 5052
17149 2733
17156 692
17157 3051
17158 2260
17161 2660
17162 2261
17163 3267
17172 1146
17173 2998
17174 1944
17178 4596
17179 4328
17180 5039
17182 5038
17187 350
17189 2324
17191 2123
17192 2137
17194 2760
17207 205
17208 2995
17228 1774
17231 3251
17233 2210
17235 3207
17237 5009
17240 3034
17245 1554
17248 1591
17249 2162
17250 541
17251 2670
17252 3792
17266 270
17268 746
17273 2804
17274 2072
17275 414
17276 3839
17277 2120
17280 4912
17285 1152
17286 1558
17289 1325
17290 3421
17291 4951
17293 4707
17294 775
17297 3996
17304 2985
17306 3354
17307 2937
17308 1365
17309 1573
17330 470
17331 492
17337 1740
17339 1091
17341 3802
17343 4293
17345 2104
17346 4920
17359 1550
17379 1509
17382 2974
17385 322
17388 4919
17389 36
17392 2378
17393 2509
17394 1915
17395 3137
17396 1138
17401 1404
17403 2262
17414 422
17419 2601
17426 1526
17439 307
17440 3483
17443 1559
17453 4379
17461 4842
17463 2832
17464 4814
17465 2699
17467 3245
17468 4787
17470 5003
17471 2818
17472 1954
17501 2185
17502 4071
17503 5181
17536 801
17537 4839
17538 759
17543 1990
17546 3908
17559 2479
17560 4871
17563 4686
17564 3316
17569 1813
17575 3613
17580 2105
17581 3632
17583 3332
17584 2106
17585 4807
17587 5174
17588 4870
17589 551
17590 1453
17591 4669
17592 3077
17595 3898
17599 2496
17600 4096
17603 423
17612 659
17626 388
17655 471
17665 2440
17670 2408
17681 2083
17683 3614
17688 3159
17690 689
17692 472
17696 4773
17721 1335
17724 4112
17729 792
17731 2452
17738 1102
17739 611
17740 4072
17746 2242
17750 4893
17751 716
17754 2064
17755 3280
17764 3110
17778 809
17782 4520
17785 4546
17794 949
17797 1405
17800 732
17804 787
17807 1072
17808 776
17817 3450
17818 3911
17819 4097
17821 2561
17822 4682
17823 4098
17824 4099
17825 3226
17827 2510
17828 1257
17843 2611
17848 3204
17850 361
17851 5211
17854 4532
17859 1240
17861 3997
17864 3846
17865 4680
17874 2124
17875 1214
17878 4196
17882 4625
17884 4548
17911 1467
17918 2826
17923 2793
17924 4610
17932 830
17933 4608
17934 2767
17935 5125
17936 4849
17937 3972
17939 2545
17944 417
17950 3185
17951 4584
17953 1290
17956 1841
17968 49
17979 411
17981 3258
17984 3121
17986 3953
17988 4550
17990 2158
17991 2643
17992 4539
17994 3873
17997 522
17999 4191
18000 4100
18001 2329
18003 4514
18008 1995
18013 2511
18030 3637
18032 2472
18034 4702
18036 4485
18037 1569
18042 1454
18051 850
18052 1674
18065 620
18066 4290
18067 389
18088 1730
18091 961
18094 3046
18095 717
18097 3647
18098 4479
18102 2865
18105 2602
18109 1202
18122 2794
18125 1484
18126 4459
18140 953
18141 1685
18142 3793
18143 718
18144 351
18145 3510
18151 4442
18152 3337
18154 4441
18156 4440
18158 2350
18159 4439
18160 334
18161 2568
18171 3475
18174 1227
18182 1192
18183 4424
18185 2024
18189 4386
18193 1383
18194 285
18195 4383
18196 4567
18208 644
18209 2121
18210 1258
18215 2881
18217 1736
18218 4354
18222 1115
18225 1073
18227 335
18231 4204
18233 11
18234 3259
18235 4335
18237 3285
18238 4229
18245 4332
18246 1018
18250 2666
18256 308
18271 2684
18275 4221
18276 840
18278 4248
18279 4578
18282 4192
18283 3126
18286 206
18288 4330
18297 1711
18299 4281
18314 4193
18331 1010
18337 309
18338 4242
18340 2892
18344 2529
18365 1203
18366 4477
18370 4241
18373 2671
18375 74
18379 4043
18381 2578
18383 3840
18388 4142
18390 4139
18396 2107
18397 152
18398 1580
18399 2571
18408 37
18415 2819
18417 2052
18443 2675
18444 4101
18445 2928
18447 3261
18453 1074
18454 4039
18455 3545
18457 4032
18487 362
18488 503
18489 2443
18511 235
18517 71
18521 1766
18522 3986
18524 2065
18540 93
18543 645
18544 3857
18549 3941
18552 3517
18557 3655
18558 2922
18560 3231
18562 4362
18579 602
18580 193
18581 1864
18582 1863
18585 2466
18586 4338
18587 2986
18592 1628
18595 986
18596 3781
18597 3980
18600 224
18603 3861
18605 1934
18608 1677
18612 2409
18613 4156
18619 310
18621 3935
18622 693
18623 194
18624 4288
18625 2009
18626 1610
18628 3836
18633 3677
18634 4417
18648 552
18649 719
18658 2676
18667 2677
18668 542
18669 3326
18676 1521
18677 2386
18681 1225
18684 3451
18685 4124
18688 5055
18719 122
18720 7
18721 1514
18723 1233
18724 954
18736 1011
18739 955
18741 1406
18742 1456
18743 2873
18745 1125
18746 4265
18751 311
18757 271
18758 1126
18764 3472
18771 4507
18772 2134
18778 1075
18782 3307
18783 2902
18784 3811
18788 1675
18790 1107
18791 1716
18866 38
18867 1816
18870 1485
18875 1649
18879 1782
18880 3539
18884 3547
18894 473
18895 5230
18899 1812
18904 2025
18905 2211
18908 5229
18909 5216
18910 616
18913 3818
18920 3078
18924 106
18940 1676
18941 2073
18942 3598
18943 720
18946 5202
18952 2108
18970 4862
18971 312
18972 3426
18973 1037
18983 1292
18984 5176
18995 1833
18996 5070
19004 2854
19011 4764
19012 2273
19013 1293
19014 4964
19015 4963
19018 3897
19019 1313
19022 1551
19023 2184
19048 2182
19051 3770
19052 1026
19059 694
19060 2459
19061 5114
19062 5113
19064 1021
19078 3080
19080 733
19081 4339
19084 53
19089 39
19090 1775
19093 1697
19101 2053
19102 4349
19107 841
19109 1543
19110 5090
19111 3175
19114 1076
19126 4117
19131 5087
19140 1259
19143 3903
19144 2035
19145 5082
19146 2159
19147 4150
19149 5076
19150 1604
19159 845
19161 1042
19162 3963
19164 3031
19167 5062
19168 872
19170 5061
19179 802
19184 1468
19204 2501
19206 2502
19207 1038
19208 4158
19215 665
19216 313
19219 1741
19221 5002
19222 4402
19223 4012
19233 286
19234 5037
19244 5029
19246 2026
19247 4005
19248 2882
19252 5026
19256 3883
19257 4791
19297 179
19301 3127
19313 3456
19314 3286
19316 1260
19324 1698
19325 1592
19340 287
19350 1785
19351 2198
19355 1925
19356 2679
19358 3578
19378 4314
19379 2186
19380 2930
19383 3904
19387 1242
19404 2987
19423 474
19433 1012
19434 4957
19440 4249
19442 2917
19443 4445
19444 4907
19445 1111
19446 1077
19447 4389
19450 4234
19451 4900
19454 2332
19457 3378
19462 2688
19463 2027
19464 325
19466 5077
19469 3100
19473 5217
19475 1776
19489 1127
19493 1440
19495 4902
19501 3452
19502 4876
19507 4852
19509 4881
19510 4875
19517 2392
19520 4490
19521 4783
19525 695
19527 1350
19528 3921
19544 4858
19545 523
19548 4885
19551 3739
19553 4873
19554 4770
19557 1742
19560 4872
19562 1834
19568 2487
19569 2801
19572 4721
19573 721
19575 750
19578 4841
19580 1039
19581 3066
19583 4319
19585 2049
19586 3530
19596 4698
19598 4695
19603 4905
19605 612
19607 8
19608 4630
19609 895
19612 2694
19613 3170
19624 1308
19640 20
19641 3646
19642 3312
19645 1078
19657 1441
19675 1486
19677 2109
19678 3531
19682 372
19683 4632
19686 2572
19687 4282
19697 3319
19703 2753
19705 3599
19707 1955
19710 2742
19711 2746
19712 4593
19723 2704
19724 2411
19738 72
19739 4069
19741 1336
19781 1712
19783 898
19784 1351
19791 94
19800 4227
19801 3723
19806 2252
19807 107
19808 524
19809 2148
19810 3719
19865 25
19866 4602
19870 123
19871 4025
19877 3442
19879 4735
19880 4734
19881 4674
19890 1515
19892 4659
19895 1407
19900 1650
19903 3498
19906 4652
19909 3195
19911 4645
19922 136
19923 570
19924 4626
19927 2490
19931 4493
19932 4355
19936 5146
19939 1079
19940 2512
19941 4622
19945 1013
19954 1170
19955 153
19956 4463
19957 1807
19961 475
19962 3133
19964 3361
19974 1913
19978 3338
19980 154
19992 40
19996 3659
19997 4585
20000 1651
20001 831
20002 2967
20003 2312
20004 2488
20008 50
20014 2697
20030 3090
20031 4560
20033 41
20035 4556
20046 2456
20052 793
20053 3281
20059 1366
20062 1487
20064 3643
20065 1302
20066 3428
20078 3660
20084 4513
20086 3081
20089 2700
20100 314
20101 1500
20106 2367
20108 476
20116 1215
20119 873
20122 696
20129 1343
20148 1408
20149 2263
20150 4451
20155 3422
20157 4448
20168 336
20169 1883
20170 2387
20173 3227
20174 3501
20182 2183
20184 2313
20191 2228
20196 2828
20207 1599
20215 3398
20216 4395
20217 197
20229 1856
20230 4411
20231 2110
20233 4409
20236 874
20243 276
20248 3008
20250 3600
20253 2729
20255 3688
20257 1660
20258 4359
20260 4457
20261 3055
20303 1824
20305 2274
20307 1093
20309 4343
20315 992
20316 2133
20317 1317
20319 4341
20320 2284
20328 4271
20331 3644
20332 4759
20333 4304
20335 2573
20341 4301
20344 2503
20345 4287
20346 1080
20373 1699
20375 1842
20379 4822
20383 3070
20391 1846
20414 4146
20421 225
20422 4820
20424 2441
20427 734
20432 697
20433 4143
20434 4390
20435 5169
20478 1108
20479 4115
20489 4223
20495 3443
20511 180
20513 3828
20515 3391
20517 1164
20519 2264
20526 3478
20528 1986
20532 124
20533 2222
20534 315
20536 2562
20537 4365
20538 3960
20543 4366
20547 3736
20550 4029
20552 2903
20553 2904
20554 3373
20557 1976
20558 3945
20560 3933
20562 477
20567 1700
20568 4070
20569 4152
20574 1081
20576 1082
20587 2084
20595 181
20597 288
20599 2584
20613 182
20616 2546
20618 2281
20620 3930
20635 478
20636 3870
20641 1746
20644 493
20645 1705
20647 1373
20650 2751
20654 3859
20660 1094
20662 565
20663 1686
20664 571
20667 2667
20668 3843
20683 810
20702 1469
20707 5228
20716 888
20765 2199
20766 3567
20772 3720
20774 543
20775 3762
20776 4456
20779 2318
20780 2028
20781 4002
20782 3413
20783 2547
20787 2799
20792 3737
20793 3502
20803 4766
20805 3467
20806 1652
20807 3176
20808 1624
20813 3396
20827 1374
20850 257
20853 1593
20854 3383
20879 1014
20883 3250
20884 3532
20886 226
20892 3150
20893 3983
20902 2074
20914 5165
20915 5233
20924 258
20925 5135
20926 4743
20934 933
20940 3763
20942 3453
20943 5159
20947 3052
20949 3768
20952 3038
20953 5158
20954 956
20956 1186
20959 5215
20960 2816
21012 479
21016 5194
21017 3140
21018 1092
21024 4594
21027 853
21028 5183
21029 5182
21030 3601
21031 2303
21032 2422
21048 227
21051 3541
21075 73
21089 1905
21090 1234
21100 3082
21101 4299
21125 908
21130 2202
21131 3661
21142 1790
21144 5100
21149 4110
21152 4127
21154 2943
21156 1906
21157 5098
21158 1935
21159 3045
21162 1907
21165 1326
21167 2361
21169 5089
21171 5059
21177 3474
21178 1083
21184 3698
21187 5018
21190 3954
21191 5085
21194 884
21195 3844
21199 3003
21203 2740
21205 1594
21206 3550
21220 2851
21221 923
21281 480
21287 1116
21288 5030
21289 3404
21293 4183
21297 2179
21303 5025
21309 4821
21310 5024
21313 4946
21314 2977
21315 1455
21316 5020
21317 2540
21321 424
21322 2142
21324 1423
21333 3399
21339 4367
21340 4981
21341 1158
21344 3707
21379 628
21386 4952
21389 2265
21390 4990
21391 1767
21401 3657
21404 3651
21407 1153
21409 2968
21432 364
21433 3297
21436 3620
21438 4968
21450 3689
21466 3116
21468 2429
21469 2379
21491 392
21495 968
21497 1128
21508 481
21515 4564
21523 4565
21530 4878
21531 4877
21543 875
21544 1749
21546 2990
21547 2919
21548 4895
21549 3366
21550 4030
21554 4886
21558 4633
21560 1517
21562 2911
21563 2212
21579 4859
21583 603
21584 3497
21587 352
21588 1394
21592 3465
21593 2808
21594 4575
21596 684
21608 2373
21613 1661
21614 2632
21615 1632
21621 4292
21623 4844
21629 1084
21630 621
21634 4838
21635 2837
21638 3444
21646 2231
21650 1032
21653 2194
21657 261
21658 2838
21660 4815
21663 2833
21665 1424
21684 4322
21695 3892
21696 4665
21697 4778
21699 811
21705 899
21707 365
21708 3445
21710 5149
21712 2646
21713 4850
21718 1427
21723 1537
21727 2613
21754 1344
21755 3457
21771 2518
21772 3083
21776 868
21777 3374
21778 2741
21779 3325
21798 584
21799 3511
21800 1171
21806 1581
21808 4671
21809 676
21811 3490
21814 4066
21815 1625
21816 3151
21821 4320
21823 2288
21824 572
21825 3602
21830 794
21831 1043
21832 155
21847 482
21848 1808
21853 2783
21858 3485
21860 566
21861 2029
21864 2356
21866 4726
21910 617
21927 3713
21928 3193
21929 2996
21930 1956
21931 525
21943 1015
21944 1653
21949 4654
21968 42
21994 1154
21995 1298
21998 3362
22000 4620
22018 1926
22021 4609
22023 2152
22028 2862
22031 4595
22032 2874
22046 1538
22048 4476
22051 4264
22074 699
22075 4263
22082 1386
22083 4125
22087 1835
22088 3970
22100 95
22105 2423
22108 3375
22109 1836
22110 5044
22119 2949
22129 4131
22144 1243
22147 3067
22149 4497
22177 577
22184 272
22188 1884
22189 1885
22190 3740
22197 876
22199 4472
22203 2834
22224 2497
22225 1759
22233 4153
22235 4307
22239 4407
22242 2579
22244 4233
22245 2258
22246 3145
22253 3785
22254 3026
22265 2143
22269 1172
22275 373
22278 2522
22283 4396
22284 2030
22285 4554
22290 1428
22299 3004
22309 3005
22311 4356
22312 4357
22318 4376
22319 4205
22320 1809
22321 212
22324 4102
22325 2293
22336 1033
22366 236
22369 526
22371 2214
22372 1208
22375 3139
22376 425
22377 1701
22378 4318
22379 993
22381 4303
22382 3573
22393 228
22394 1461
22395 3282
22404 4667
22415 188
22421 646
22423 1282
22426 393
22428 2201
22433 3473
22435 4247
22436 3131
22439 2245
22457 590
22462 3058
22463 3705
22464 1488
22466 3909
22476 1303
22483 756
22487 4172
22489 2633
22493 1489
22497 494
22502 1034
22503 4235
22504 1085
22507 1314
22523 2574
22527 125
22528 747
22530 2036
22555 1961
22556 1315
22574 753
22577 3922
22598 75
22599 2000
22601 722
22603 2223
22605 1974
22609 1097
22610 504
22611 2246
22618 4523
22620 1409
22621 1157
22644 1294
22645 4896
22691 366
22692 3863
22693 1161
22696 2969
22699 2160
22719 4321
22720 4323
22721 1040
22722 2722
22725 2682
22726 666
22727 1452
22728 2918
22729 3820
22730 1900
22734 1425
22738 3448
22741 2031
22744 4634
22746 3956
22748 3480
22758 817
22765 1629
22766 3796
22770 1706
22771 1369
22778 1129
22779 483
22790 1777
22791 394
22793 723
22798 484
22806 2277
22811 1886
22815 3102
22816 1516
22826 2498
22827 5240
22830 3406
22831 1595
22832 748
22834 367
22836 900
22837 567
22839 1837
22848 890
22876 2412
22879 3275
22887 485
22888 2404
22890 3221
22891 1289
22894 892
22899 1851
22900 76
22901 4103
22903 2875
22917 1189
22920 5186
22927 3253
22929 3252
22937 604
22938 3232
22951 1159
22953 2278
22954 3268
22961 4792
22964 2847
22966 667
22975 1887
22976 5232
22979 2126
22980 5036
22989 2393
22990 5160
22993 3301
23038 353
23051 1327
23063 3113
23064 3880
23066 2824
23068 4932
23084 4491
23092 2368
23093 3053
23094 5163
23095 1216
23096 5162
23099 2144
23107 505
23110 1160
23114 1345
23134 1241
23135 3009
23137 2695
23138 5127
23145 842
23146 4302
23149 2634
23151 213
23153 2007
23154 4202
23156 5115
23161 2402
23163 2743
23167 4740
23168 3797
23175 3549
23186 229
23204 2489
23206 5022
23214 230
23215 4597
23216 4133
23219 3912
23224 1568
23225 2744
23226 4370
23227 1117
23233 3180
23240 5083
23241 2111
23246 1426
23248 3721
23256 1442
23264 3503
23266 2403
23267 2663
23293 77
23297 196
23298 231
23299 1869
23300 3976
23302 1654
23303 4568
23304 5047
23306 3068
23344 26
23346 5027
23351 1522
23355 2905
23363 647
23382 434
23383 214
23385 1996
23387 495
23394 1717
23403 1232
23409 2614
23412 5000
23416 4999
23417 3847
23418 4111
23419 2953
23420 4998
23423 1572
23424 4908
23429 43
23441 1130
23452 368
23454 2863
23458 289
23461 4848
23462 4345
23464 4346
23465 4978
23470 1180
23471 4949
23474 3196
23476 3542
23477 2080
23480 4971
23481 832
23485 2394
23488 3619
23490 2839
23492 4446
23503 2380
23506 1760
23509 1888
23511 668
23513 2224
23514 2032
23529 2563
23530 4940
23552 1889
23553 4494
23554 4492
23555 3376
23558 1552
23559 962
23576 126
23577 127
23614 215
23616 4861
23620 1761
23621 4860
23622 3238
23623 3641
23628 648
23637 78
23647 79
23648 2823
23649 128
23652 2802
23653 3057
23665 1655
23672 5118
23673 2275
23674 2876
23681 2236
23683 1838
23686 4052
23687 4837
23689 1523
23693 1490
23708 273
23710 4760
23712 1086
23713 3466
23714 2970
23720 2011
23721 700
23723 2118
23727 2237
23730 3414
23741 1410
23751 940
23757 4663
23758 1656
23759 4801
23760 4800
23770 80
23771 4661
23772 4798
23775 4470
23776 4797
23786 3693
23805 1890
23806 1891
23809 3913
23810 3611
23811 4639
23812 5218
23836 2346
23841 860
23855 21
23856 3493
23858 4064
23859 3662
23863 2615
23864 1261
23866 3570
23870 3236
23880 803
23881 4749
23883 3317
23896 1626
23901 2468
23907 496
23909 4744
23910 1304
23912 2266
23915 3615
23916 4715
23918 2267
23920 4547
23939 290
23943 1555
23944 4683
23945 232
23946 4954
23950 2279
23967 207
23968 326
23970 4601
23986 1295
23989 4658
23991 957
24001 1443
24002 3056
24009 27
24023 629
24029 1165
24032 2592
24034 3132
24057 958
24060 1791
24097 2538
24101 977
24110 156
24113 1429
24114 1524
24121 3171
24122 3059
24126 2341
24127 4559
24128 5079
24129 2768
24133 4516
24140 2289
24141 4515
24148 1181
24149 3147
24152 4536
24159 4678
24160 354
24161 4496
24163 1280
24169 4324
24174 3146
24183 3512
24199 129
24202 4488
24203 3682
24204 3181
24207 4377
24210 3981
24214 5219
24219 1663
24220 4031
24240 2797
24242 382
24248 1737
24250 4450
24251 4449
24252 2415
24270 1346
24271 2213
24272 4433
24280 3039
24293 130
24294 2877
24295 426
24330 2296
24332 3260
24334 4391
24340 2008
24341 3095
24371 183
24372 22
24385 978
24398 909
24402 2297
24412 3416
24431 964
24439 4363
24444 28
24451 3492
24453 337
24454 2696
24456 963
24462 2243
24463 4250
24464 184
24470 2204
24471 4504
24474 4104
24475 246
24477 1839
24479 4105
24489 2784
24490 4525
24499 4239
24503 4181
24504 4218
24506 3458
24559 157
24568 338
24575 4909
24578 44
24582 2205
24583 1998
24587 1539
24589 2534
24592 2588
24593 4508
24594 4042
24595 3459
24597 4041
24601 4065
24614 2597
24615 4106
24616 2112
24617 2113
24620 253
24640 3989
24696 96
24699 2791
24705 3062
24706 2878
24708 4447
24713 3955
24718 1087
24722 1657
24726 4340
24728 1862
24731 1857
24732 4823
24733 3894
24734 2442
24753 1914
24762 1747
24765 3194
24781 2782
24814 23
24816 4326
24819 2114
24820 5227
24833 1491
24835 1957
24841 1810
24845 1204
24846 4599
24852 4259
24860 2229
24861 3533
24870 3073
24877 3830
24878 5239
24885 2705
24888 3834
24924 497
24932 1508
24939 233
24942 5198
24943 3300
24944 1217
24955 486
24957 5187
24959 1958
24960 3977
24961 3287
24970 3692
25006 969
25034 2225
25043 4524
25050 2662
25053 369
25056 1457
25057 3239
25059 5214
25060 527
25062 5212
25069 3716
25080 498
25086 2906
25089 4013
25091 3035
25094 2357
25095 5193
25102 185
25107 1411
25108 3603
25111 2145
25112 1923
25114 3805
25115 5107
25116 5069
25125 2931
25130 5068
25136 5071
25138 415
25139 4965
25143 81
25152 3128
25158 395
25159 3910
25172 784
25176 4786
25179 5130
25180 2907
25181 5129
25189 854
25201 131
25204 1492
25205 316
25209 1019
25211 5112
25215 812
25217 4478
25219 4468
25220 2046
25225 1470
25226 5032
25228 1778
25229 3240
25230 5104
25231 5103
25234 3358
25235 5101
25236 3346
25250 2448
25251 649
25271 186
25272 1193
25286 861
25287 5151
25289 528
25304 1950
25316 396
25319 5060
25321 3427
25346 487
25354 355
25358 2701
25359 573
25378 1768
25379 1205
25382 813
25383 3356
25387 4132
25388 2382
25396 187
25402 1946
25405 3419
25408 277
25419 1794
25435 2638
25436 195
25437 910
25439 1412
25440 3923
25442 216
25443 2960
25444 4955
25447 5005
25449 4350
25469 941
25470 4851
25480 2330
25482 4994
25486 1352
25487 4988
25491 2914
25492 4944
25496 5226
25510 4979
25511 4943
25516 1274
25526 4026
25528 669
25531 4970
25534 3694
25537 2989
25540 3084
25541 158
25543 5225
25545 4941
25553 4033
25554 4034
25557 1892
25562 1893
25565 735
25569 2462
25571 3363
25572 1305
25575 3621
25582 1306
25585 2374
25589 1162
25595 4925
25596 4890
25597 1678
25598 3757
25599 4693
25601 82
25607 981
25609 4922
25610 2369
25611 5224
25614 4709
25615 3114
25628 3717
25631 4933
25644 4347
25648 3446
25649 4551
25660 1927
25661 3758
25662 3551
25663 4776
25664 4782
25667 4781
25668 3320
25674 3246
25676 4779
25678 4929
25684 1218
25698 1131
25710 1852
25718 3377
25719 3964
25721 1970
25729 2647
25758 488
25777 630
25783 3298
25784 2946
25785 2908
25827 1971
25829 4526
25836 670
25839 4552
25844 2915
25849 4527
25850 1142
25852 4793
25853 2748
25854 4651
25856 698
25863 4789
25864 4904
25866 51
25868 1997
25870 3350
25872 691
25875 4509
25877 3390
25891 4173
25896 911
25902 1605
25903 1910
25904 2644
25910 1262
25911 2425
25916 934
25917 1263
25931 247
25934 2234
25937 2457
25940 631
25948 578
25957 4113
25958 4114
25959 1786
25962 3841
25975 4705
25977 3974
25978 760
25980 83
25988 2567
25996 1271
25998 2879
26004 3313
26005 3423
26006 4710
26013 3071
26019 4748
26020 3819
26021 3874
26022 4590
26023 935
26038 137
26039 4107
26042 4583
26044 4655
26048 4733
26051 936
26058 3652
26059 2655
26065 2656
26067 2358
26088 2189
26092 4245
26098 138
26100 937
26102 4614
26127 1471
26130 4016
26132 4592
26138 1139
26141 1229
26157 2678
26159 846
26167 3405
26168 3283
26170 1296
26171 4561
26173 2980
26176 2599
26178 1267
26180 4462
26181 1553
26190 847
26191 4537
26193 3722
26194 404
26196 1582
