2622 2813
23910 1304
8037 4628
22244 4233
3851 4648
2042 1899
17389 36
2385 2541
24163 1280
20157 4541
4000 3269
811 866
11788 1991
17268 746
20664 571
12268 1878
11035 3859
16505 3687
14067 730
12707 3856
3387 1796
8680 2499
365 592
25159 3910
1613 4053
8378 2971
19980 154
10561 4928
20783 2547
3466 0
23471 4544
9188 797
2420 1281
6229 4535
17588 4378
21583 603
11102 1272
5059 3467
2059 1206
25447 5098
25663 4776
15941 1921
13664 3167
21546 2990
19586 3530
6541 3013
16640 135
11557 2454
3633 2520
18658 2676
11426 2270
1254 291
23153 2007
9889 596
15322 2818
10679 4716
15786 3210
5412 2014
14690 3025
3441 402
20155 3422
8888 1680
11811 2271
18648 552
1910 340
4988 3040
16621 4246
6804 1307
15358 5031
16877 1922
1154 3957
4128 3786
18899 1812
5767 2537
17307 4556
18365 1203
25543 5224
8156 3396
13490 3920
953 1023
17141 4351
24479 4105
22476 1303
3594 3461
7504 683
22048 4476
22177 577
18558 2922
6159 4484
8308 4409
19052 1985
3873 1901
13411 1169
21646 2231
6512 1016
20229 1856
4146 531
21288 4410
14542 715
93 4269
13625 4503
21696 2387
21594 4575
9522 63
6170 4985
17936 4849
12547 2419
3207 2333
6648 4700
10433 4301
1976 5117
25863 1022
25916 934
6835 4277
15685 1880
6858 1576
3516 4412
19507 4275
5672 739
25220 2046
21860 566
15947 3575
24593 4508
17274 2072
16837 2485
22837 567
8310 3656
25957 4113
12788 2023
7506 4000
74 5141
14414 2948
21866 698
3418 1667
15706 4454
5233 2
14652 3464
14419 464
9099 116
24 2399
8403 3397
21650 1032
15608 2552
25668 3320
20807 4616
5934 1417
351 709
5668 4731
10880 4647
21823 2288
2326 2180
25449 4350
24431 964
14149 4140
19233 286
9913 3572
2761 947
5546 3506
5730 3402
7042 1147
6184 2916
12660 1265
12386 1621
21386 4435
22891 4561
5130 2306
16882 3527
14970 3302
20001 831
1490 3798
16881 1256
21771 2518
18668 542
4379 3012
19810 3719
17821 2561
11037 4833
22381 4958
15678 3616
17501 2185
3293 1847
20233 5212
7594 2201
624 109
17330 470
9147 2506
12130 1145
5773 823
22894 892
18182 1192
12187 2066
5134 639
15800 5191
5601 2343
16261 691
25050 2662
15829 2406
9710 86
3194 2764
3955 2359
14337 2169
2991 1727
22129 4131
25719 3964
25872 754
8372 4754
7103 1627
25902 1605
14639 4475
23856 3493
6863 2140
12472 1645
890 4449
12645 3385
6627 1520
25034 2225
4275 4195
3849 3998
1782 3809
5261 5231
1982 1476
12611 2993
17933 3858
15667 2302
17502 4071
5631 2470
3878 3702
8978 1633
19682 372
12263 3400
21030 3601
13415 5136
18097 3647
7595 4211
10991 3353
22766 3796
20915 889
7801 806
16523 4880
10638 5145
9217 2371
9337 2937
9194 1401
3119 2852
12640 4298
3824 4080
18597 3980
22369 526
5839 4810
14781 2658
14130 4841
717 4679
23943 1555
3826 3172
24728 4040
5109 1499
12291 1974
205 1027
15589 3631
22404 4667
10268 222
4138 1928
16506 1031
2055 855
9433 4089
18517 71
12639 1780
21144 4136
5957 141
21205 1594
281 2589
8596 3202
2248 5131
3063 1247
6830 453
26138 1139
6266 2188
4525 1792
396 3262
10412 2849
7713 1984
5485 3235
21322 2142
13012 5042
1427 3746
7104 769
1172 400
10842 3368
8824 1190
23647 79
25557 1892
2120 1983
22746 3956
4642 1328
2752 280
21861 2029
97 4316
8208 1196
13862 2294
21191 2832
11629 2366
25231 4768
4139 2961
17379 1509
25234 3358
22725 2682
8458 922
25585 2374
19501 3452
16110 4015
8053 249
4575 397
20569 4152
22393 228
18379 4043
1599 3284
2455 3848
1346 3932
1498 2886
16040 3794
2075 1900
9017 1634
14662 4144
18924 106
17162 2261
1560 4683
6513 413
23241 2111
9075 1418
17874 2124
5116 726
20959 2930
122 2491
24734 2442
21931 525
2136 3933
18144 4887
7386 1400
23721 700
16314 5026
4242 4209
11468 785
6626 3714
7188 30
12688 1002
8891 5167
4052 3228
10564 4427
10458 2899
4125 879
25537 2989
18784 3811
16349 1989
570 437
11824 1619
18143 718
5392 2436
5829 4024
14599 931
495 45
1608 3089
21550 4030
2080 3562
11120 5209
20346 1080
22189 1885
18723 1233
3006 2620
4293 3769
7050 1141
21653 2194
18145 3510
25660 1927
8387 1481
3193 3099
4495 4753
12797 3496
3442 3674
24462 5073
3164 1183
1339 1182
14351 1029
20613 182
2133 441
20000 1651
6024 1449
24587 1539
3034 2570
21658 2838
18283 3126
5353 2307
19871 4025
22976 4163
11979 2803
20331 3644
20106 2367
10056 4976
23224 1568
9459 3825
14316 2853
22798 484
1880 3023
25439 1412
4834 4081
12545 951
17309 1573
7718 5178
15235 204
3279 4785
25510 4784
22233 4153
6576 5048
17751 716
4116 5220
23681 2236
23758 1656
26178 1267
5366 1608
24152 3045
18183 4926
5634 217
17118 3335
9974 3441
14648 1065
18344 2529
16281 4039
9432 1738
9732 2706
10116 4159
733 279
10496 2732
16131 3607
12676 4844
19168 872
11490 1941
18746 4263
7695 3701
22879 3275
5814 4353
21547 2919
1793 3968
26088 2189
17276 3839
23553 4494
4713 763
23306 3068
20248 3008
12749 3984
1292 4699
6610 113
19978 3338
844 4448
6079 4797
4631 2690
6533 3178
3199 4274
6494 779
25827 1971
7442 200
10847 4538
15600 2551
16570 3878
9870 244
1343 1726
1967 4695
7807 4649
7854 3744
13740 1347
3684 4387
25095 5193
5605 1938
16335 3079
773 438
8728 4006
10871 2314
4135 9
23298 231
106 912
1044 1815
6702 1940
18217 1736
23145 842
17113 35
19890 1515
20255 3688
1104 2771
18649 719
23206 4878
10967 3293
1153 2997
3171 281
22771 1369
24371 183
8807 790
11631 3690
20303 1824
1854 13
2388 4165
19434 3252
13142 1362
16389 4742
16393 1781
13 4820
14 89
22 4038
25 95
26 2424
27 2536
28 1045
29 924
16414 1453
16415 2172
45 4946
46 18
16429 2122
16433 4222
62 2779
65 1764
70 3792
71 3860
75 1761
78 3123
80 868
81 4743
82 3236
85 582
16469 529
16470 593
88 4564
16471 1008
16475 4177
95 1817
98 170
16482 1033
16483 1125
16484 1104
16485 2279
16486 5001
16495 4684
16496 4128
113 2376
114 295
115 1342
16498 805
123 5228
124 930
16511 2968
128 1912
16513 687
135 585
16521 2493
140 1394
141 2100
142 3180
16543 1721
161 2503
16545 3881
163 3623
164 4626
165 728
16553 4426
16554 2636
178 5021
179 2382
16563 1872
16565 2908
183 3779
16568 4268
185 1616
187 5116
188 1789
16575 4970
192 1716
193 3817
194 693
195 1644
16576 1498
197 4656
199 3250
200 2917
16584 1737
16589 2334
16590 3473
16594 5043
214 285
215 4234
16598 224
16607 3351
16608 1572
16609 4774
16611 2809
231 4752
232 2347
16620 5187
238 91
16622 2228
16624 2350
244 3620
245 454
252 2792
253 1149
254 1647
16643 3584
260 2043
16644 3735
16647 1408
16648 4062
16649 4016
267 472
16651 4980
269 3298
16654 2081
16655 2358
272 394
16659 174
283 605
284 3148
16674 4993
16675 2173
16676 4615
293 5185
294 2727
299 3480
302 3248
309 4571
16694 3141
312 3799
16696 2501
315 1345
16703 1050
320 1105
321 1842
16708 1297
16717 1910
16718 2826
16719 2540
16722 2116
339 2597
16726 4241
16727 1701
16728 1978
345 3765
16729 4848
16730 4088
348 46
350 2060
352 2439
357 2042
358 3258
16741 5124
360 888
16742 4676
16743 2607
16747 708
364 4466
16749 52
16751 398
369 4389
16754 1239
16755 4010
372 3020
373 5128
374 943
375 2889
376 4850
16756 4187
379 4182
380 2019
16765 3297
16766 3876
385 5229
16770 1890
392 1450
16778 1302
16779 3939
16783 976
400 3924
403 4355
408 2005
409 203
410 2864
414 276
16800 3482
16801 1194
16802 2781
16803 664
16817 602
16818 1571
16819 2373
16820 1844
16823 1930
16830 598
16831 2749
449 87
450 4581
16834 307
16835 3369
16853 1592
16858 1388
482 916
16872 4477
491 2516
492 617
16876 2468
500 2526
16886 759
16888 2806
16889 2817
16890 1867
16891 317
16892 5152
510 627
16899 3112
16900 4162
16906 3534
523 2016
16921 326
16922 5039
543 1797
546 3852
547 4750
16931 1882
16932 3256
16935 1157
16937 3891
16940 854
16941 4769
16945 76
16946 1070
16953 1081
16955 658
573 963
574 3804
16957 5028
16958 1311
16962 3440
16963 2704
580 887
16967 1740
16971 2588
16976 4110
593 4125
598 1523
16994 2033
615 5017
17001 2967
17006 4828
628 697
17015 4558
17016 1695
17017 1489
17019 4386
17021 3755
17022 2893
639 839
17038 3329
17039 1324
676 2008
677 2449
17075 2012
17076 4540
17082 660
17086 5104
17089 1868
17090 1320
715 2667
17099 731
727 4525
17114 3136
731 5022
17116 2763
734 1631
735 2291
17120 5168
17121 3430
17122 1370
17124 2276
17125 4606
17126 3097
743 851
17127 2101
17131 2766
748 3992
749 1360
750 2073
751 4357
17134 2879
17135 1614
17137 4767
17149 2843
17156 194
17157 2106
17158 4843
17161 3747
778 4762
17163 1959
782 3866
787 2737
17172 633
17173 2885
17174 2222
17178 3834
17179 421
17180 3316
17182 3937
800 78
17187 323
17189 1057
17191 5045
17192 4501
17194 3550
820 4550
822 456
17207 3889
824 49
17208 2446
830 3627
831 2738
832 3868
833 3438
834 2433
836 1671
839 4033
17228 939
17231 629
17233 3824
851 308
17235 2428
853 2733
17237 5055
855 1766
17240 3281
17245 4986
864 2835
17248 3270
866 2882
17249 1821
17250 3073
869 2569
17251 5107
17252 3044
880 3588
882 2975
17266 4586
884 2774
885 3189
887 4979
888 2462
17273 4380
17275 2217
894 2233
17277 2791
896 510
17280 2659
899 243
17285 2851
17286 4447
17289 5058
17290 1719
17291 563
17293 818
17294 4470
17297 3449
914 3222
915 3287
920 179
921 632
17304 3278
17306 5194
925 287
17308 1427
930 122
934 2412
937 3232
938 4434
939 392
941 4504
17331 4348
950 4366
951 1617
17337 4793
17339 3431
17341 3890
17343 4023
17345 4573
17346 1851
17359 2660
17382 3689
1000 5066
17385 4739
17388 4342
1006 4759
1008 1795
17392 886
1010 2267
17393 1010
17394 1456
1013 696
1014 4340
17395 1235
17396 2723
17401 5011
17403 31
1023 509
1024 2678
1025 2152
1026 3664
1028 302
1029 3935
17414 766
17419 3541
17426 626
1045 3328
1048 1652
1050 734
1051 66
17439 449
17440 1665
1058 3807
1059 4158
17443 4312
17453 419
1073 1095
1074 4138
1075 2402
17461 3406
1078 3838
17463 1490
17464 3929
17465 5006
17467 2555
17468 3162
17470 350
17471 2311
17472 3697
1090 919
1092 4045
1093 75
1098 5216
1101 4607
1105 971
1107 2656
1109 2141
1116 2624
17503 4670
1124 3614
1125 1275
1149 3388
1150 3598
1151 1454
17536 4400
17537 2869
17538 299
1157 1017
17543 2128
17546 2266
1174 4497
17559 1943
17560 5067
17563 3551
17564 962
17569 3675
1186 3295
1187 4424
17575 1312
1194 533
17580 3264
17581 4959
17583 1710
17584 2834
17585 3193
17587 946
17589 4989
17590 3347
17591 1321
17592 3715
17595 1184
17599 756
17600 908
1217 1381
17603 794
17612 3435
1229 740
1234 825
17626 1749
1248 5106
1258 906
1265 5159
1267 2365
17655 1009
1278 2743
1279 945
1280 3074
1281 2327
17665 4605
17670 4446
1289 4445
1293 4892
17681 33
17683 1257
17688 98
17690 2663
17692 4266
1310 3909
1311 2810
17696 3062
1321 819
1322 1668
1323 3470
1327 2404
17721 5238
17724 2944
1341 2039
1344 2875
17729 4545
1347 895
17731 634
1350 1460
1353 4519
17738 1750
17739 377
1356 1442
17740 4867
17746 4908
17750 870
17754 4991
17755 775
1373 2744
1375 3907
1376 3670
1378 1768
17764 913
1383 4877
1386 2064
17778 1813
17782 1861
17785 3474
1403 4674
1404 1054
1405 760
1407 1607
1408 4604
17794 2542
17797 4802
17800 2625
17804 4478
17807 1889
17808 5044
1425 2426
1430 1641
17817 1884
17818 506
17819 124
1436 3411
17822 4267
17823 4756
17824 4733
17825 1955
17827 1558
17828 2877
17843 2394
17848 4671
17850 4949
17851 1430
17854 3638
17859 3219
17861 359
17864 1487
17865 1961
1488 982
17875 2860
1493 3565
17878 128
1497 4826
1499 4919
17882 938
17884 1654
1508 310
1511 1677
1519 2915
1520 674
17911 1674
17918 1565
17923 3981
17924 4433
1545 5057
17932 3529
1549 67
1550 1808
1551 4050
1552 2685
17934 1712
17935 2218
1556 980
17937 56
17939 2946
1561 4594
17944 550
1563 3764
17950 3953
17951 3315
17953 2285
17956 843
17968 80
1588 4943
1589 1805
1594 3007
1595 4680
17979 3556
17981 2696
1600 387
17984 1508
17986 393
17988 4174
1606 5089
17990 1351
17991 5092
17992 3576
1611 4726
17994 4169
17997 4230
17999 5016
18000 1683
18001 584
18003 1189
1620 93
1621 4763
18008 1954
18013 5180
18030 2241
18032 65
18034 997
18036 3458
1653 4
18037 520
1656 722
1658 4227
18042 2630
1660 1044
1662 784
1667 1632
1668 783
1669 3835
1670 799
18051 2577
1672 2854
18052 2213
1674 2336
1675 5027
18065 4761
18066 2652
18067 2800
1685 3846
1694 345
1695 645
1696 685
1699 675
18088 2245
18091 4064
18094 3733
1711 23
18095 1679
18098 4819
18102 1067
18105 2812
18109 2221
1727 2240
1728 4692
1736 4417
1738 2553
18122 4657
18125 2444
18126 1455
18140 2010
18141 1657
18142 1988
1765 436
18151 192
18152 445
18154 4339
18156 1513
18158 4068
18159 10
1776 4988
18160 3151
18161 2206
1787 5119
18171 4017
18174 4130
1796 2474
1798 4642
18185 1699
18189 2515
18193 1041
18194 2407
18195 4367
18196 2747
1817 3373
1818 4272
1821 4894
1822 2600
1823 3818
18208 4874
1825 1250
18209 133
18210 4255
1829 15
18215 1839
1832 3299
1833 657
1834 4836
1836 1420
18218 3386
1838 4493
1839 3091
1840 1664
1841 2719
18222 3088
18225 5046
18227 1108
18231 1100
18233 3121
18234 4021
18235 4837
18237 1950
1855 845
18238 4044
1857 1013
1858 5161
1859 4527
1860 1263
18245 4365
1862 3443
18246 3290
18250 622
18256 899
1877 4646
1878 1528
1879 1648
18271 2911
18275 4164
18276 3292
18278 423
18279 1111
1896 5025
1897 4142
18282 865
18286 1350
18288 1164
1908 4439
18297 2974
1914 2942
1915 3184
1916 4245
18299 3855
18314 3330
1941 662
18331 1086
18337 3879
18338 2479
18340 791
1958 2330
1959 3030
1962 3081
1963 5030
1966 118
1968 1977
1969 2575
1981 304
1983 260
1985 4635
18366 689
18370 2614
1989 4608
18373 671
18375 5120
1992 5201
1995 378
1997 1527
18381 1096
18383 2299
2001 630
2003 3380
2004 2354
18388 1000
18390 2045
2009 4967
2010 2514
18396 4777
18397 3722
18398 623
18399 1237
18408 713
18415 5218
18417 788
2043 1673
2044 5133
2047 5219
2049 2391
2054 3033
18443 1713
18444 408
18445 161
18447 4817
18453 3273
18454 3354
18455 458
2072 1411
2073 212
2074 2025
2076 2208
18457 4901
2081 4388
2085 1722
2087 3337
18487 4960
18488 1251
18489 2805
2115 565
2116 2904
2117 1252
2118 611
2119 3966
2123 1440
2124 4452
2127 3944
18511 1688
18521 3057
18522 4547
18524 5214
2142 489
2143 3524
2144 1504
2155 996
18540 3249
18543 44
18544 365
2165 1386
18549 3600
18552 1064
2169 5075
18557 2647
18560 4149
18562 4414
2182 3405
2184 4122
2185 107
2186 771
2190 5061
2193 2090
18579 2238
18580 832
18581 1052
18582 494
2200 4682
2201 382
2202 1636
2203 2139
18585 1444
18586 236
18587 4766
18592 3357
18595 5202
2212 1445
18596 1739
2215 706
18600 1767
18603 4909
18605 557
2222 957
2223 2363
18608 4596
18612 2896
18613 5173
18619 699
18621 4902
18622 3107
2239 4251
18623 4955
18624 1271
18625 3453
2243 3731
18626 3460
18628 3808
2247 4307
2249 3593
2250 404
18633 4738
18634 4397
2255 1367
2259 2534
18667 2355
18669 3590
2287 202
18676 1742
2293 234
18677 311
2295 1264
18681 1314
2298 3619
18684 481
18685 1744
2303 2778
2304 370
18688 1004
2306 4383
2307 2159
2309 4956
2316 5233
2328 5165
2329 3171
2331 2375
2332 4278
2334 2448
2335 2841
18719 4086
18720 1056
2338 3393
2339 4002
2340 3717
2341 516
2342 2429
18721 921
18724 4361
2348 942
2350 3836
2352 1732
18736 492
2355 4001
2356 2002
18739 2318
18741 2497
18742 3254
18743 1262
18745 755
18751 3520
2368 4173
18757 3026
18758 328
18764 3931
2386 3895
18771 3346
18772 334
2394 4847
18778 1834
18782 4485
18783 2413
2404 1467
18788 2590
18790 3147
18791 3787
2409 4074
2410 361
2443 4176
2449 3947
2450 3339
2451 3140
2452 3995
2457 2458
2459 3978
2465 3011
2474 991
2475 1500
2476 4280
18866 1502
18867 3243
2485 3624
18870 3989
2487 3504
2490 4897
18875 233
18879 1904
18880 5240
18884 1822
2501 4059
2503 214
2504 737
2505 901
2506 2459
18894 4202
2511 3144
2512 4499
18895 893
2515 1630
2516 1723
18904 2680
18905 3813
18908 206
18909 4228
2526 3177
2527 1814
18910 950
18913 2047
2530 2825
2532 2924
2535 4779
2536 2494
18920 625
2556 961
2557 3434
2558 1466
2559 4651
2560 3191
2561 1875
2562 2801
2563 4369
18940 2753
18941 3837
2566 2820
18942 4428
2568 2793
2569 767
18946 2914
18952 1378
18970 2962
18971 246
18972 3035
18973 3181
2591 4637
2592 2689
2593 757
2596 3842
18983 4673
18984 1011
2607 2178
2611 3101
18995 4291
2613 2584
2614 4325
18996 2342
2620 1757
2621 3691
2623 4248
2624 3015
19004 2765
19011 1361
19012 3436
19013 2956
2630 5085
19014 4101
19015 2627
19018 149
19019 2548
19022 1047
19023 1241
2654 2298
2655 2401
2656 1330
2661 3246
2664 2481
19048 2006
2666 495
19051 4536
19059 742
19060 3288
19061 4123
19062 1298
19064 493
19078 4957
19080 1503
19081 2063
19084 3471
19089 3331
19090 3157
19093 1477
2710 2434
2712 2284
2713 2346
19101 2532
19102 2329
2720 2287
19107 3071
19109 4359
19110 2512
19111 4746
19114 2024
2741 4813
2742 873
19126 4669
19131 1372
2749 5024
2750 433
2754 782
19140 1341
19143 465
19144 2260
2762 3418
19145 2473
19146 474
19147 4520
19149 2857
19150 1416
2770 4829
2771 3450
2773 4737
2774 1615
19159 1883
19161 1234
19162 4213
19164 1204
2783 3911
2784 4942
2785 4713
19167 2545
19170 487
2789 4937
19179 3781
2797 4354
19184 3745
2803 4633
2805 3367
2806 3168
2810 2171
19204 1059
19206 2549
2823 1698
19207 2226
19208 3579
2826 1066
19215 2275
19216 5176
19219 2592
19221 2581
19222 4415
19223 1392
2846 3323
2848 3872
19234 1807
2851 327
2852 50
19244 1881
19246 968
19247 3076
19248 4132
19252 1452
2870 2507
19256 2895
19257 1687
2877 3608
2879 547
2883 1531
2912 4618
19297 277
2915 247
2917 2996
19301 2040
2922 2740
2926 250
19313 1438
19314 4425
19316 4391
2936 2437
2938 3850
19324 48
19325 4208
2949 2920
2950 2087
2952 3633
19340 1909
2959 198
19350 1601
19351 2780
19355 153
19356 4028
19358 3064
2980 4715
2981 1975
2982 3990
2984 897
2993 4314
19378 1907
19379 3954
19380 3432
2997 4290
19383 2616
19387 4235
3007 5080
19404 3557
3032 2004
3033 712
3037 4664
19423 1295
3048 1039
19433 5090
3052 385
3053 4549
3055 1313
3056 2657
19440 2750
3058 4252
3059 2324
19442 1238
19443 4862
3062 4115
19444 2062
19445 346
3066 2204
3067 4240
3068 257
19446 25
19447 3444
19450 2455
19451 792
3073 2683
3074 4376
19454 5207
3076 2074
19457 5108
19462 4920
19463 1468
19464 4117
19466 2050
19469 2247
19473 3748
19475 655
3096 3961
3099 1475
3100 828
3102 1908
3105 1220
19489 4788
19493 4192
19495 2227
3113 1690
19502 2253
19509 3110
19510 1613
19517 3554
3136 4720
19520 3759
19521 2486
19525 3569
19527 3220
19528 2098
19544 1496
19545 4886
19548 2457
19551 5192
19553 1424
19554 267
3173 96
3174 4315
19557 1994
19560 4853
3178 480
19562 554
19568 2452
3185 4796
3186 2897
19569 2670
3188 4352
19572 19
19573 1593
19575 988
3195 1888
3196 409
3197 3142
19578 3684
3200 1734
19580 3532
19581 16
19583 1939
3204 2498
19585 4881
3206 254
3209 1964
19596 1371
19598 2822
19603 2726
19605 1279
19607 5033
19608 562
19609 867
3228 1567
19612 1529
19613 2157
3231 955
3239 724
19624 4197
3243 1150
19640 2198
19641 752
19642 4630
19645 2752
3265 4600
19657 1078
3280 1960
3283 150
3286 4783
3291 3486
3292 1574
19675 2319
19677 772
19678 2409
3297 2892
19683 1724
19686 3224
19687 82
3310 3967
3312 38
19697 1073
3316 3103
19703 3442
3321 3698
19705 1604
3323 3279
19707 1521
19710 4688
19711 4639
19712 3466
19723 884
19724 42
3345 4696
3347 4469
19738 3639
19739 974
19741 2179
3362 4092
3372 3596
3377 3283
3383 1597
3386 3896
3388 4226
19781 4576
19783 165
19784 3372
19791 4749
3409 2535
3411 2936
3412 4458
19800 3793
19801 1775
3420 1748
19806 2934
19807 624
19808 2730
19809 4011
3430 119
3431 3574
3449 4207
3450 1161
3451 1083
3452 178
19865 2767
19866 4711
19870 3604
19877 3564
19879 1646
19880 5034
19881 2525
3501 650
3502 3628
3507 3985
3508 2205
19892 4238
3511 1999
19895 3605
19900 2417
19903 1227
3522 620
19906 2422
3524 1642
19909 73
3526 1932
19911 3653
3532 3962
3534 4900
19922 4157
19923 4712
19924 4584
19927 462
3547 115
19931 4533
19932 652
19936 1014
3553 5007
19939 1809
19940 3583
19941 1211
3561 2610
19945 4008
19954 5223
19955 4621
19956 3840
19957 2651
19961 1897
19962 1678
19964 1021
19974 4562
3593 793
3595 4921
3599 2576
3607 381
19992 2645
19996 2580
19997 4560
3618 4982
20002 817
20003 1945
20004 2776
20008 994
3630 1516
3631 1075
3632 3152
20014 4590
20030 343
20031 2884
20033 2472
3651 2881
3652 3310
3653 702
3654 1816
3655 2230
20035 881
20046 92
20052 2484
20053 1590
20059 1074
3677 3802
20062 4109
3679 3137
20064 1465
3681 2623
3682 399
3683 1138
3685 3174
20065 4013
20066 3265
20078 3022
20084 3016
20086 732
20089 1248
3716 4239
20100 3356
3718 2850
3719 3887
20101 3942
3721 4781
20108 4932
3725 2389
3730 1084
3731 184
20116 4471
20119 4668
20122 4790
3743 4147
3744 2283
20129 937
3748 4055
3750 1140
3752 4569
3754 4483
20148 601
3765 4259
3766 3447
20149 2219
20150 1802
3772 1546
3773 3844
20168 2748
20169 4286
20170 3122
20173 3884
20174 1258
20182 164
20184 3238
3804 158
20191 2891
3811 5151
3812 4865
20196 4487
3814 3827
3818 940
3819 5154
3820 3077
3821 1308
20207 207
3825 3599
3827 3586
20215 4952
20216 1705
20217 4330
3839 1650
3843 4961
3844 3987
3845 3426
20230 1895
20231 4697
3850 2214
3852 555
3853 2450
20236 635
3858 2088
20243 2901
20250 3100
20253 2979
3872 1123
20257 1530
3875 226
3876 2578
3877 1210
20258 4636
20260 3032
20261 1537
3890 587
3909 4135
3910 1163
3916 1293
3917 4214
20305 3778
3922 4385
20307 1375
20309 3489
3927 4077
20315 1277
20316 2410
20317 2018
20319 4864
20320 3155
3937 4714
3939 2146
3944 4186
20328 3518
3946 3216
3948 3650
20332 5186
20333 3085
20335 187
3953 517
20341 3897
20344 2277
20345 5147
3964 1119
3965 1637
3967 5155
3977 4838
3980 4913
3982 1246
3983 2902
3988 2836
3989 2556
3990 2634
20373 4390
20375 1426
20379 3908
3996 3822
3998 3194
3999 5153
20383 954
20391 4099
4013 4345
4015 1925
4017 3490
4018 2469
4019 367
4021 2191
4023 4219
4027 1533
20414 4299
4032 2255
4033 3949
4034 3392
4036 2707
4037 2114
4038 185
20421 2079
4040 2927
20422 2177
20424 4852
20427 642
4046 2988
20432 1349
20433 3472
20434 2500
4051 4288
20435 2059
4068 2622
4069 2322
4080 2785
4081 3871
20478 2759
20479 337
4102 4336
4103 3573
4104 177
20489 3348
4106 4977
4110 2364
20495 4247
4115 1982
4117 300
20511 4242
20513 405
20515 4078
20517 705
20519 1830
4141 2650
20526 3943
4143 5149
4144 4795
20528 686
4148 5183
20532 2381
20533 534
20534 3502
20536 2711
20537 3408
20538 4216
20543 894
20547 1562
4164 717
20550 208
20552 3882
20553 956
20554 3537
20557 3382
20558 4441
20560 3206
20562 646
4180 4856
4181 1171
4182 4014
4183 5062
20567 1800
20568 2528
4186 83
4189 51
20574 1318
20576 824
4195 1374
4196 1249
4199 673
20587 4625
4211 2184
20595 1586
4213 3508
20597 1358
20599 1155
20616 2443
20618 1697
20620 4954
4241 4198
4245 4923
4247 3709
4249 653
4250 1836
20635 3031
4252 4972
20636 2563
4254 1180
4255 514
20641 2856
4258 1550
4259 1799
20644 248
4261 1704
4262 5239
4263 4765
4264 261
4265 3308
4266 3412
4267 4698
20645 4693
4269 53
20647 3312
20650 2675
4272 2702
4273 2966
20654 2168
4276 2596
20660 1879
4278 2086
20662 1431
20663 2094
4283 736
4284 259
20667 1092
4286 661
20668 4591
4288 3775
4289 1131
4290 1931
4298 2628
20683 4323
4301 4612
4302 2724
20702 4094
4319 2495
20707 2517
20716 4085
4351 4224
4353 5181
4354 4610
4355 3
4364 3625
4365 2831
4366 2465
4371 743
4372 2638
4376 358
4377 4889
4380 2352
20765 5221
4382 4303
4383 2303
20766 1863
20772 309
20774 3663
20775 4875
20776 1788
20779 2096
20780 915
20781 2661
20782 2900
20787 648
20792 3280
20793 3069
4416 2396
20803 4237
20805 1353
4422 4588
20806 543
4425 1532
4426 840
4427 5010
4428 3948
20808 1778
20813 3109
4431 2872
4432 508
4433 2335
4442 1770
20827 2265
4446 1635
4451 5171
4458 2701
4466 3417
4467 1135
4468 2193
4469 1259
20850 932
20853 4087
4472 1423
20854 803
4483 2958
4484 348
4485 3861
4488 342
4490 2305
4493 822
20879 1058
20883 1894
20884 325
20886 4727
20892 3873
20893 3200
4511 58
4512 3706
4513 1595
4515 4517
20902 3870
20914 2323
20924 5196
20925 3618
20926 4772
4550 914
20934 188
4552 5109
4554 3038
4555 278
20940 1981
20942 1579
20943 5102
20947 1545
20949 425
20952 1887
20953 4876
20954 491
20956 3754
4576 24
20960 3384
4583 833
4588 3507
4624 2642
4625 1559
21012 2976
4630 849
4632 1589
4633 2865
4634 3950
4635 5157
21016 4395
21017 2691
4638 3459
4639 3117
4640 621
4641 2135
4643 411
21024 835
21027 4893
21028 2787
21029 4160
21031 1472
4650 3456
21032 1962
4656 5139
21048 2369
21051 3641
4673 4111
4685 1483
21075 4464
4697 2923
4700 1212
4702 4423
4703 3301
4704 1089
4705 910
21089 1990
21090 296
4708 1294
4712 460
21100 2071
21101 173
4724 3768
4727 3377
21125 2083
4743 4567
21130 1332
21131 2539
4748 608
4750 2664
4755 167
4756 3034
21142 2994
4759 4155
4760 2583
4765 4822
4766 1730
21149 1874
21152 3160
21154 944
4771 4495
21156 4096
4773 3725
4774 4129
4775 3582
21157 2438
4777 3021
21158 5020
21159 264
21162 3378
4781 5189
4782 1316
21165 103
21167 663
21169 990
21171 1554
4793 1832
21177 1958
21178 3326
4798 1661
21184 4971
21187 3880
21190 2921
21194 4018
21195 2845
4814 3591
21199 979
4819 4054
21203 1479
4822 1717
21206 4479
4825 4046
4826 3462
4828 1919
4835 1282
4836 4185
21220 1215
21221 546
4846 3065
4847 2211
4868 1841
4870 1783
4875 4506
4877 2698
4878 108
4896 1898
21281 3626
21287 384
21289 389
21293 2819
21297 935
21303 1148
21309 838
21310 3208
21313 2769
21314 3526
21315 6
21316 1099
21317 3105
21321 2380
21324 3116
21333 1034
4952 4543
4954 4863
4955 1556
21339 3072
21340 4815
4958 123
4959 3240
4960 47
21341 1166
21344 830
4966 720
4967 3831
4975 5135
4983 1585
4989 105
21379 3300
21389 3325
21390 4873
21391 2337
21401 2130
21404 4065
21407 4609
21409 2153
21432 576
21433 1611
5052 2694
21436 3027
21438 3445
5055 4486
5056 4102
5057 4935
5060 403
5061 3795
5062 2418
5065 3317
21450 2290
5067 4526
5078 5008
5081 2928
21466 430
5083 4659
5084 2811
21468 2248
21469 5172
5087 5076
5107 3149
21491 647
21495 221
21497 1968
5119 136
21508 2564
5125 5012
5131 3847
21515 876
5136 297
5137 1425
21523 530
5143 2789
5144 459
21530 2308
21531 2150
5156 1862
21543 826
21544 356
5162 4276
5164 74
5166 1153
21548 4678
21549 4372
21554 1485
5172 1854
21558 5110
5175 3567
21560 3707
21562 4885
21563 3833
5181 3266
5182 4940
5184 2259
5194 1848
21579 2673
21584 4333
5202 3874
21587 3217
21588 1810
21592 4842
5209 2099
5210 911
5211 3063
5212 615
21593 2166
21596 4660
5216 669
5218 4319
21608 2246
5225 800
5227 216
5228 811
21613 1798
5230 4294
5231 2195
5232 1
21614 3699
21615 2639
21621 3680
21623 5002
5240 1827
5241 4859
21629 2103
5246 2017
21630 2594
21634 434
5251 4309
21635 2138
21638 3051
5255 1693
5256 522
5257 4855
5259 3128
5260 4566
5262 3925
5266 3094
5267 2598
5268 643
5271 1266
21657 442
21660 1260
21663 3495
21665 1937
5287 3134
21684 1006
5302 1439
21695 2467
21697 5086
21699 5163
21705 1137
21707 2728
21708 366
21710 1777
21712 3713
21713 1997
21718 5213
21723 4710
21727 1566
5346 444
5352 27
5355 1929
5359 3145
5360 41
5361 2199
5363 3476
5364 3830
5365 1843
5367 2164
21754 4462
21755 4565
5385 4665
5387 4944
21772 2684
21776 2635
21777 3090
5395 3758
21778 290
21779 2162
5400 4903
5402 5100
5404 5023
5406 4800
5407 1195
5408 2278
5409 1146
5411 4941
5413 4453
21798 1356
5415 1969
21799 171
5417 2408
21800 2725
21806 3814
21808 959
5425 519
21809 2606
5427 2015
21811 1906
21814 2000
21815 3225
5432 2384
21816 3643
5434 3716
5435 4338
21821 923
21824 3521
5441 4300
21825 2544
5444 2057
5445 2783
5446 4925
21830 1992
21831 583
21832 3815
21847 636
5464 4306
5465 2559
5466 4814
21848 3098
5468 1622
5469 3241
21853 3851
21858 3538
5477 3546
5478 4546
5479 4703
5481 3997
21864 1603
5483 3009
5486 701
5488 744
5490 2186
5492 4137
5497 5099
5503 4741
5505 2521
5510 3327
5511 5164
5519 4658
21910 5166
5529 1179
5533 2156
5541 4839
5542 3900
5543 711
21927 1886
5545 4343
5547 3247
5548 3223
21928 339
21929 777
21930 3516
5555 2055
21943 1818
21944 4786
5564 2641
21949 4258
5570 368
5571 1463
5575 5188
5577 347
5578 4968
5579 549
21968 2839
5597 3133
5602 4103
5606 503
5608 3540
21994 1956
21995 3175
21998 4249
22000 2370
5621 461
5622 2372
5626 134
5629 1700
5632 130
22018 1244
5636 3333
22021 668
5639 3740
22023 1835
22028 3488
22031 2571
22032 3696
5655 4467
5656 5088
5659 292
5660 4933
5661 4262
22046 2274
5667 4210
22051 5217
5673 2492
5674 3218
22074 5235
22075 4399
5695 1709
5697 242
5698 2729
22082 2244
22083 928
22087 2476
22088 761
5712 5197
22100 723
5717 5169
22105 1325
22108 3547
22109 2513
22110 4825
5729 2952
5731 111
22119 1232
5738 3710
5739 4906
5740 3673
22144 3738
22147 2794
22149 975
5769 5148
5771 1046
5774 2325
5787 218
5794 1152
22184 3912
22188 1085
22190 1669
5807 948
5809 1322
5812 3772
22197 1162
22199 4271
22203 3491
5825 4349
5826 2338
5827 3199
5828 4392
5830 486
5835 3973
5838 5177
5840 507
22224 1090
22225 4760
5843 2949
5848 3563
5849 3019
5851 4264
22235 3622
5853 1433
22239 349
22242 34
22245 4360
5862 4311
22246 4374
22253 2837
22254 4335
22265 801
22269 1876
22275 369
22278 2861
22283 4666
22284 3245
5901 4773
22285 2566
22290 160
22299 4542
22309 390
22311 2586
22312 101
22318 1625
22319 4884
22320 3708
5938 589
22321 8
22324 70
22325 2378
22336 609
5953 1951
5960 4220
5973 4009
22366 1457
22371 1934
22372 995
22375 59
22376 4832
5993 2416
22377 2332
5995 61
22378 209
22379 3371
22382 1060
6008 4407
6009 2950
6010 1290
6012 1549
22394 1557
22395 896
6023 741
6030 2519
6031 1091
22415 3311
6033 4931
6037 2117
22421 20
6039 515
22423 3560
22426 110
22428 1920
22433 2918
22435 4437
22436 579
22439 2315
6056 2127
6064 4794
6072 1553
6073 288
22457 4851
6075 2488
6076 5064
6077 318
6078 1040
22462 3498
6081 1187
6082 1216
22463 929
22464 1114
22466 3959
6094 2734
6095 2223
22483 1564
22487 3082
22489 1132
22493 3514
22497 4643
22502 2523
22503 4199
22504 1610
22507 3734
22523 2145
22527 39
22528 4808
22530 1672
6154 4232
6156 3342
6158 1334
6160 420
6161 5190
22555 274
6172 590
22556 1202
6175 1755
6176 4444
6179 2992
6183 3611
6185 3127
6190 4048
22574 4904
22577 2196
22598 3120
22599 1542
22601 4583
6218 581
6219 628
22603 1831
22605 640
6222 5059
22609 3677
6226 1156
22610 4114
22611 2250
22618 4079
22620 3399
22621 2714
22644 2356
22645 220
6264 2216
6265 3018
6271 3940
6280 3994
6282 163
6288 4295
6290 4331
6291 4170
6300 4229
6301 3455
6303 256
6305 3237
6307 2758
22691 2716
22692 2445
22693 2483
22696 1801
6315 3819
6316 251
6317 3374
22699 2692
22719 4579
22720 1541
6337 2104
22721 37
22722 2926
6340 180
22726 4106
22727 181
22728 966
22729 4717
22730 4593
6350 1580
6351 3336
22734 3050
6354 2903
6355 4358
6356 68
22738 238
22741 600
22744 3469
6364 4598
22748 4770
22758 4898
6375 1858
6376 3421
6380 2558
22765 3429
22770 528
6387 3039
6388 4691
6389 2612
6390 5150
22778 2717
22779 2554
22790 4771
22791 1684
6408 3993
22793 4515
6411 3363
6421 4289
22806 4401
6423 4151
6427 2557
22811 2411
6431 3487
22815 4236
22816 1746
6434 3843
6442 1987
6443 2640
22826 3509
22827 1154
6446 3654
22830 1473
6448 1158
22831 3923
22832 5158
22834 1980
22836 2131
6455 2671
6456 4007
22839 69
22848 4250
6465 2115
6468 1373
6482 3783
22876 186
6503 2044
22887 1720
22888 2030
6506 869
22890 395
22899 4563
22900 64
22901 3454
22903 3419
6524 4396
6525 3114
6527 2451
6529 3977
6530 1309
6532 5215
6534 2880
6535 1383
22917 415
22920 2235
6538 5113
6543 2991
6544 1116
22927 1494
22929 3753
22937 4082
22938 2362
6556 738
6558 2125
22951 2340
22953 3154
22954 3047
6575 90
22961 3712
6579 2821
22964 1756
22966 269
6583 4801
22975 3159
22979 2349
22980 2672
22989 2655
22990 479
22993 4296
6611 4166
6628 4416
6629 1053
6631 2981
6632 3213
6635 166
6638 428
6641 439
6642 363
23038 1024
6666 5122
6667 999
23051 4154
6669 688
6675 4455
23063 2133
23064 138
23066 2823
23068 2502
6700 4965
6701 1587
6703 2868
23084 864
6706 230
6707 4281
6708 223
6709 871
23092 5199
6711 3049
23093 4196
23094 5232
23095 3723
23096 3970
23099 4934
23107 597
6724 2775
6726 1877
23110 3309
23114 5056
6732 3726
6735 169
6737 1001
6738 2859
6744 2871
6746 2742
6748 853
23134 2076
23135 375
23137 2126
23138 2863
23146 2957
23149 4317
23151 4456
23154 748
23156 2574
6774 211
6776 2258
23161 1317
23163 1143
23167 2160
23168 3812
23175 4468
23186 2317
6806 815
6807 2331
6808 3389
6810 3362
6813 4443
6815 3976
23204 2475
6823 4413
6824 1268
6825 4341
6828 4120
23214 5054
6832 2037
23215 941
23216 4382
23219 3918
6838 4489
23225 5052
23226 1649
23227 131
23233 1849
23240 2119
6857 2312
6859 329
23246 2421
6864 374
23248 344
6867 1857
6868 2587
23256 4066
6878 3930
23264 4430
23266 1213
23267 1409
6884 3129
6888 1486
6891 3853
6892 4640
6895 237
6896 3341
6904 3676
6905 1852
6907 1517
6908 512
23293 3000
6911 263
6913 5036
6914 1419
23297 3146
23299 5236
6918 3259
6919 821
6920 1337
23300 1495
23302 4205
23303 1772
23304 5175
6934 3683
6941 4718
6943 2816
6944 3899
23344 5095
23346 2699
6963 4854
23351 431
6971 4104
23355 4632
6973 3255
23363 4049
23382 1113
23383 1760
23385 2533
23387 2621
7007 3499
7010 380
7011 1242
23394 1806
7013 902
7014 4327
7015 2035
23403 2679
7023 3135
7024 4297
7025 1478
7026 644
23409 659
23412 1511
23416 2154
23417 3261
23418 4870
23419 4513
23420 1505
7038 1134
7039 5063
23423 3776
23424 5081
7045 2883
7046 984
23429 3409
7053 3017
7055 1338
23441 1088
7058 5094
23452 355
7069 2489
23454 1414
7071 3823
7072 463
23458 4279
23461 2202
23462 1222
23464 4052
23465 2054
23470 2351
7087 4146
7088 1274
7090 1191
7091 2300
23474 1752
7093 2215
7094 1319
7095 2720
7096 1970
23476 875
7098 5112
23477 3209
23480 2773
23481 4322
23485 827
7105 2969
23488 2858
23490 637
23492 114
7109 3029
23503 898
23506 2756
7125 2068
7126 265
23509 1305
23511 4265
23513 4883
23514 1953
23529 4824
23530 3892
7154 3215
23552 4899
23554 3915
23555 1754
23558 524
23559 3729
23576 4805
23577 631
7194 1130
7197 3087
7204 4634
7206 3319
7209 3555
23614 1979
23616 4552
23620 2427
23621 4948
23622 3242
23623 293
23628 2912
7245 4812
7246 2848
7247 3036
23637 3176
7264 3427
7265 4419
23648 1711
7267 2715
23649 104
23652 1451
23653 4381
7277 3898
7278 3451
7280 5137
7281 4924
23665 1018
23672 333
23673 3587
23674 5114
23683 3777
23686 3276
23687 3711
23689 17
7307 2440
7309 729
23693 5226
7311 4905
7317 3612
7324 4514
23708 3971
23710 2595
23712 1273
23713 4652
23714 2163
23720 4377
23723 2972
23727 1871
23730 3986
7350 5049
7355 4617
7356 1998
7357 4939
23741 2316
23751 3528
23757 3922
23759 4845
23760 1255
7383 4938
7384 5129
23770 989
23771 1254
23772 3602
23775 148
23776 4624
23786 4042
23805 1175
23806 4201
23809 407
23810 195
23811 967
23812 2102
21018 2174
7444 3170
7446 4394
7447 205
7449 3214
7450 4745
7452 2295
23836 3761
23841 469
7459 4707
7463 4036
7468 1288
23855 1522
23858 4601
7475 5125
23859 4577
7477 282
7479 1201
23863 1526
7481 2637
7482 2599
7483 2629
23864 3543
7485 1077
23866 574
23870 3433
23880 3108
23881 341
23883 3751
7510 4834
7511 1087
23896 735
7515 707
23901 2328
7522 2254
7523 4995
7524 3463
7525 1128
23907 4362
23909 970
23912 3750
23915 3364
23916 3901
7533 2615
7534 4141
23918 665
7536 1598
23920 814
7541 2049
7542 613
7543 1480
7546 2777
23939 917
23944 1352
23945 3115
23946 2601
7563 3845
23950 2155
7572 3067
7573 4804
7578 751
7579 3359
23967 1474
7584 1007
7585 570
7586 319
23968 1936
7588 859
23970 1205
7590 3963
7592 1209
7596 1366
7597 2888
7601 2243
7602 4069
7603 1109
23986 4490
23989 142
23991 1458
7615 4457
24001 3187
24002 3006
7625 3789
24009 3951
7632 787
7635 5225
7636 2129
7637 3324
7638 314
24023 1718
7645 4215
24029 677
7647 3407
7648 2935
24032 3360
7650 1144
24034 1995
24057 1115
24060 386
7689 4035
7712 3403
24097 666
7715 847
7716 2788
7717 926
7719 270
24101 690
7725 5179
7726 2695
7727 3938
24110 2866
24113 1747
24114 2508
24121 1670
24122 3749
24126 4572
24127 4119
24128 1042
24129 5200
24133 5053
24140 3066
24141 1662
24148 4502
24149 1965
7768 2388
7769 3143
7772 4724
7774 2546
24159 3244
24160 4422
24161 3886
24169 1428
24174 1121
24183 1583
7802 4402
7811 3010
24199 351
24202 2414
24203 3268
24204 3649
24207 1682
7824 252
24210 1779
7829 4075
24214 2132
24219 2293
24220 2631
7844 1707
7853 448
7855 1221
24240 2192
7857 2123
24242 1893
7861 2032
7863 1159
24248 4888
24250 4735
24251 1702
24252 414
7877 1129
7878 4966
7882 467
7883 4950
7885 1986
24270 3230
24271 3186
7888 354
24272 2980
7893 1840
7895 1015
24280 4200
7899 877
24293 4764
24294 3610
7911 834
24295 3539
7916 3790
7926 3267
7935 765
24330 3515
24332 4589
24334 156
7956 235
7957 4846
7958 721
7959 3239
24340 2666
24341 3130
7985 3410
24372 848
7991 1850
7999 2093
8000 641
24385 5174
24398 3655
24402 2447
24412 3637
8031 3345
8036 4996
8045 561
8047 649
8048 1774
8049 4807
8054 4868
8055 4732
24439 2786
8058 5038
24444 4597
8063 2034
8064 1741
8067 2207
24451 3271
8069 1942
24453 4709
8071 1902
8072 4792
24454 3767
8074 684
24456 2953
8077 2754
8079 2107
24463 4108
24464 1524
24470 681
8087 84
24471 2593
24474 4869
24475 2112
24477 2052
24489 3820
24490 3501
24499 4404
8116 4405
8118 2286
24503 764
24504 1538
8122 3150
24506 1028
8128 2021
8134 3131
8146 3531
8147 1188
8148 1062
8150 2147
8151 3221
8153 3484
8155 2855
8157 4744
8161 4987
24559 987
8177 1415
8178 2395
8179 4687
8184 4139
8185 3394
24568 1547
8187 1038
24575 3645
8193 3603
24578 1692
8195 4253
8198 2681
24582 1037
8200 4283
24583 2913
24589 2242
8206 272
24592 2568
8211 3568
24594 3332
24595 2876
24597 1240
8215 1675
8216 2736
24601 1200
8219 5003
8222 1376
8224 1753
24614 3991
8231 610
24615 3196
24616 4730
24617 2121
24620 2579
8254 3558
8255 1786
24640 780
8261 638
8263 2069
8279 3004
8280 4694
8282 499
8298 2951
8299 3291
8301 1284
8302 3763
8305 538
8307 983
8312 3552
24696 4204
24699 227
24705 1769
24706 466
24708 4531
24713 2425
24718 5130
8335 3468
8336 4347
24722 125
8340 1094
24726 4398
24731 2038
24732 1160
8349 94
24733 379
8352 4273
8365 1560
8366 2829
8367 3343
8369 2143
24753 2053
8374 2273
8375 2237
8376 2986
24762 4498
24765 1072
8386 4368
8391 1966
8395 1855
24781 2441
8398 588
8400 3875
8404 2603
8408 4034
8409 3770
8428 418
24814 3914
24816 3296
24819 301
24820 2477
8437 1924
8441 2183
8442 172
8443 3648
8446 32
8448 4150
8449 191
24833 1773
24835 3511
8452 2700
8457 4978
24841 4890
24845 3752
24846 3724
24852 2148
8471 1582
8472 1218
8474 4193
8475 1765
8476 145
24860 1437
24861 2768
24870 993
24877 258
24878 2058
24885 4225
8503 5206
8504 786
8505 1335
24888 4592
8511 2842
8512 4641
8513 11
8517 2782
8520 3161
8523 1278
8526 3138
8530 1107
8534 3395
8538 1224
24924 2984
8541 2524
8547 2604
24932 1629
8549 60
8552 271
8553 1510
24939 4460
8557 5
8558 5097
24942 1306
24943 4705
24944 315
24955 2613
24957 3941
24959 1628
24960 2345
24961 1804
8579 4058
24970 4107
8589 2978
8592 812
8593 1803
8595 3718
8612 1208
8614 781
8615 1043
25006 500
8623 3679
8625 2487
8626 5182
8628 4293
8629 3139
8630 4740
8641 324
8643 3667
25043 4981
8666 5134
8669 2844
25053 4614
8671 5138
8672 4084
25056 1845
25057 2061
25059 2393
8676 4364
25060 4690
8678 28
25062 548
25069 2746
25080 3542
8701 3182
8702 594
25086 313
8704 12
8705 3042
25089 2280
25091 3559
8708 1170
8710 1681
8711 3500
25094 2757
8715 4602
8717 1127
8718 4539
8719 856
25102 3774
8721 4172
25107 2403
25108 2435
8725 3788
8726 3227
8727 5205
25111 3485
8730 2827
8731 4997
8732 2970
25112 452
25114 501
8735 4072
25115 4911
8737 4975
8738 4100
8739 306
25116 1596
25125 3975
8742 4179
25130 1948
25136 2770
25138 536
25139 1357
25143 422
8768 5071
25152 573
8774 5083
25158 275
8786 4171
8787 773
25172 3158
25176 1869
25179 890
25180 4704
25181 3274
8801 1972
25189 1026
8811 2582
8815 1296
25201 1548
25204 1793
25205 2870
8823 1946
25209 4734
25211 3756
25215 3613
25217 704
25219 1061
25225 1459
25226 4973
25228 2134
25229 3960
25230 858
8851 5079
25235 1207
25236 2955
8854 4492
8857 5103
8862 2176
8864 1384
25250 513
25251 4328
8868 2051
8869 4051
8870 199
8871 5077
8876 2078
8877 2224
8879 5222
8881 1771
8887 795
25271 762
25272 3387
25286 1518
25287 560
25289 4167
8916 3398
8920 2027
25304 1101
8922 2905
8925 388
8928 578
8932 958
25316 3092
25319 2608
25321 3132
25346 2466
8968 4910
8969 903
8970 5208
25354 2867
8972 1543
8973 482
25358 362
25359 2272
8976 4194
25378 3979
25379 5144
25382 3549
25383 4032
25387 2761
25388 2085
25396 3782
9018 710
25402 1422
9020 3635
9021 1368
25405 253
9023 1482
25408 1944
9025 2301
9026 3307
9027 1225
9030 4553
25419 885
9037 725
9038 3965
9039 4334
25435 3665
25436 3974
9053 1917
25437 2643
25440 2509
25442 3477
25443 147
25444 1051
9066 4672
9074 654
9082 1359
25469 2108
25470 933
9090 3272
9092 4534
9093 2158
9094 294
9095 2282
25480 3969
9098 4811
25482 1436
25486 518
9103 3294
25487 412
25491 3204
25492 4178
25496 1838
9124 4031
9125 4757
9126 2807
9127 4532
9128 2070
9130 2965
25511 2617
25516 5198
9133 2257
9135 2310
9138 4116
25526 1287
9143 3096
25528 5074
25531 360
9149 219
25534 4879
9151 4830
25540 3629
25541 1497
25545 616
25553 2687
25554 4282
25562 1012
25565 1395
9184 4244
25569 4654
25571 816
9189 1973
25572 1126
25575 2909
25582 3934
25589 5041
9207 3743
9208 949
9209 4440
9211 3003
25595 5005
25596 3585
25597 357
25598 5140
9216 3497
25599 3379
25601 2862
25607 3522
9224 4721
25609 1491
25610 4326
25611 2677
25614 558
25615 475
9241 1462
25628 2203
25631 2560
9248 2804
9249 4916
9255 2210
25644 3646
9264 1102
9265 3060
9266 4818
9267 2830
25648 2092
9269 5123
25649 3821
9273 3505
25661 4912
25662 239
25664 4622
9283 4431
25667 4951
25674 2080
25676 4421
25678 3513
25684 3721
9306 4675
9312 5127
9313 5037
9314 5087
25698 1484
9316 4491
9325 1916
25710 804
9327 2798
25718 5065
9335 4529
9338 410
25721 1346
9341 1519
25729 1638
9360 77
25758 2745
9387 1389
9389 679
9391 2496
9392 3666
25777 4063
9397 144
25783 4012
25784 457
25785 3810
9408 157
9413 4061
9414 3416
9417 4003
9419 1214
9426 1385
9439 4840
9441 4472
25829 5105
9450 2091
25836 3803
25839 1172
9458 4574
25844 476
25849 1525
25850 3437
25852 2379
25853 2097
25854 2415
9471 1471
25856 3483
25864 2463
9482 2430
9483 3681
25866 137
9485 4029
9486 4663
25868 2943
9488 2229
25870 1624
9491 4254
25875 3720
25877 1935
9504 837
25891 3958
9511 1226
25896 3365
9514 4722
9517 1620
9518 401
25903 1036
25904 2894
25910 155
25911 1421
25917 3054
25931 3570
25934 1731
25937 4599
25940 7
25948 3005
9572 2703
25958 2562
25959 1343
25962 2482
9579 3361
9591 5035
25975 4578
9593 1231
25977 4974
9595 1581
25978 796
9597 1407
25980 1197
25988 3413
9606 1326
25996 2089
25998 3999
9616 4371
9618 3736
26004 5084
26005 4755
26006 4645
9629 1402
9630 1355
9631 4313
26013 3955
9634 2077
26019 1759
26020 4406
26021 1301
26022 768
9639 55
26023 3070
9643 4070
9647 2654
9649 1396
26038 468
26039 3523
9656 4308
26042 1461
9659 3305
26044 1300
26048 1762
26051 4098
26058 2609
26059 3826
26065 4915
26067 5096
26092 2309
9712 753
9713 3201
26098 883
9715 1846
26100 4482
9717 3862
26102 4420
9721 3544
9722 485
9723 607
9735 1025
9736 4521
26127 2220
26130 1243
26132 1435
9755 1229
26141 4429
9758 523
9759 3888
9760 5015
9763 4510
9764 3780
9765 4524
9769 2873
9773 3203
9774 1612
26157 3183
26159 559
26167 335
26168 396
9785 3043
26170 682
26171 4047
26173 2565
26176 241
26180 3828
26181 2262
9800 2420
26190 4891
26191 2398
26193 1957
26194 1826
26196 3669
9829 1758
9831 1110
9832 3251
9862 5051
9863 2802
9865 2697
9867 3465
9869 4459
9871 245
9890 1286
9892 2710
9893 4093
9895 4953
9907 3390
9915 4318
9921 298
9922 3806
9924 1639
9937 4895
9943 3322
9944 1310
9946 3921
9959 2281
9962 551
9964 2847
9968 1609
9979 758
9980 4522
9983 4020
9984 4803
9986 3791
9987 1469
9988 3233
9993 511
9994 3111
10000 132
10002 2522
10004 4871
10022 5070
10024 2550
10026 2431
10039 2611
10041 920
10055 3376
10062 21
10081 168
10096 4896
10113 3163
10115 3002
10117 2731
10130 1787
10133 3581
10134 4260
10148 918
10153 429
10154 2998
10158 1653
10162 4373
10163 3028
10178 4076
10180 595
10183 4221
10186 2182
10211 1819
10235 505
10243 5032
10246 5211
10247 5142
10251 488
10252 4662
10253 1976
10310 1443
10317 3704
10338 2383
10341 62
10346 1470
10350 4218
10351 3118
10352 196
10354 215
10355 4994
10356 1344
10358 904
10376 162
10381 4346
10382 2735
10383 2632
10388 4936
10390 539
10391 4451
10406 714
10407 2898
10427 1588
10432 733
10435 3728
10438 4685
10439 2339
10445 3617
10446 4304
10456 1186
10463 4681
10467 3517
10468 443
10476 1387
10477 88
10478 3760
10490 451
10497 2878
10499 2874
10500 3197
10501 3349
10513 3636
10514 1124
10517 189
10519 4516
10522 3952
10524 3533
10526 1082
10532 1005
10539 1561
10543 2504
10549 580
10550 2190
10552 1167
10555 3428
10559 2572
10588 2619
10590 978
10597 1784
10600 5078
10601 4551
10602 1289
10615 126
10620 2977
10623 2320
10637 4580
10640 262
10652 553
10655 4302
10656 694
10657 1602
10672 43
10676 5132
10677 3055
10682 3762
10684 29
10711 2405
10719 2995
10726 4073
10762 2357
10763 5040
10765 4156
10791 4984
10792 4418
10794 2326
10801 117
10805 3037
10807 3571
10818 4292
10819 1377
10822 4758
10824 1776
10825 992
10841 376
10850 3801
10872 4175
10878 2510
10879 3481
10881 2321
10884 1577
10895 1393
10896 1660
10897 140
10898 3306
10904 1055
10906 176
10907 2959
10910 5118
10912 2573
10918 3512
10919 2721
10923 4530
10925 364
10926 2933
10931 3083
10936 4918
10942 820
10956 4907
10966 496
10969 2249
10983 1915
10986 353
10990 1380
10996 521
11002 4963
11009 1599
11011 1794
11012 3046
11015 5230
11016 4091
11017 1860
11026 4344
11028 3946
11030 4285
11032 972
11034 5009
11047 863
11052 3739
11053 502
11054 5068
11066 1178
11077 2644
11082 2368
11093 4270
11107 4217
11108 599
11109 1913
11112 54
11113 965
11114 4329
11121 3634
11125 1097
11132 2392
11141 2814
11148 4019
11152 1714
11175 4778
11182 2668
11183 5050
11186 3832
11194 4231
11196 1093
11197 2762
11199 4821
11213 4257
11215 3457
11216 4702
11223 4183
11227 2397
11231 4587
11233 1364
11241 2760
11275 4500
11279 3657
11280 2084
11284 4990
11285 2833
11293 2239
11318 2292
11325 1432
11328 3692
11372 5019
11379 4835
11400 3757
11401 5029
11402 1236
11403 4823
11405 2377
11410 4509
11411 213
11416 1735
11418 4686
11427 4145
11442 4555
11444 283
11445 1535
11447 5093
11459 4261
11461 1763
11462 1174
11464 5069
11465 846
11467 4661
11470 4184
11472 749
11491 4060
11493 3226
11495 2020
11502 3285
11522 2341
11528 2460
11537 4436
11539 1751
11561 1578
11563 4127
11566 2722
11572 3652
11577 1112
11579 2001
11583 973
11591 1410
11593 2344
11602 1365
11604 676
11607 678
11609 5126
11610 3519
11611 2232
11612 112
11613 1068
11616 1199
11617 5203
11621 3185
11622 1618
11623 927
11626 4408
11630 3561
11638 4118
11640 4212
11641 3169
11642 190
11661 5014
11662 4831
11664 900
11670 338
11696 1283
11700 3125
11712 3475
11713 850
11718 1891
11719 1079
11721 1659
11733 72
11734 4947
11746 4124
11785 2890
11791 1655
11792 3661
11801 2149
11806 1715
11808 3424
11812 383
11815 1791
11816 2693
11820 3165
11821 5072
11822 2925
11823 2713
11828 2799
11829 2815
11840 1666
11841 670
11842 3662
11844 3211
11861 4375
11863 322
11865 3983
11868 770
11876 2137
11878 4964
11879 3041
11891 1575
11892 4798
11893 2940
11898 3545
11899 969
11902 5156
11903 2110
11910 3478
11911 1176
11919 2585
11923 1996
11924 3927
11925 273
11926 1706
11929 2674
11939 2973
11944 2313
11951 3344
11964 446
11965 1606
11967 2772
11968 4927
11969 5000
11971 2755
11991 1292
12016 2709
12017 1947
12032 3414
12034 909
12040 471
12041 614
12042 4461
12043 1390
12045 255
12046 4083
12049 3420
12050 3800
12051 776
12053 4613
12054 1363
12056 1223
12065 1493
12066 1217
12070 3553
12071 330
12074 4095
12085 1165
12101 1198
12106 4983
12107 789
12110 3693
12112 1923
12113 3289
12118 4473
12121 1429
12122 2187
12135 4816
12141 3685
12149 1820
12151 3621
12155 852
12157 3885
12158 3936
12160 4929
12161 527
12165 3401
12166 798
12192 4403
12193 3903
12212 450
12213 3179
12235 936
12247 1379
12248 2688
12252 2304
12256 225
12260 2960
12262 604
12266 1399
12286 952
12287 4585
12290 2790
12295 2385
12296 4751
12302 371
12306 2256
12307 4321
12308 151
12311 4945
12312 857
12313 4056
12318 2808
12320 4041
12321 2297
12324 1689
12334 4787
12337 406
12338 1782
12365 2109
12369 703
12370 3340
12373 3785
12380 4370
12387 4511
12389 2840
12406 4917
12409 1696
12411 2026
12414 5121
12419 1676
12422 1963
12423 3945
12425 146
12453 695
12458 1859
12460 143
12473 2041
12478 3318
12491 606
12492 1261
12496 3525
12498 5101
12503 4806
12504 2181
12507 891
12512 4858
12551 1464
12552 2361
12553 4999
12554 1048
12587 4914
12599 1329
12606 321
12612 312
12614 4857
12615 3982
12616 3566
12617 2887
12618 2605
12627 778
12637 4653
12641 2003
12642 1591
12644 3580
12654 2296
12659 4554
12664 1685
12665 3771
12675 1193
12678 1492
12679 809
12687 3188
12689 4782
12691 3928
12695 3192
12696 2931
12701 2082
12703 618
12704 3058
12709 1405
12710 1725
12712 4143
12720 4748
12722 878
12733 953
12735 3231
12739 925
12742 1071
12743 2828
12745 3988
12751 2209
12758 2490
12763 2480
12781 4161
12786 2105
12787 2543
12798 572
12801 3536
12802 2939
12803 745
12806 4112
12842 813
12849 4631
12851 5047
12852 1949
12860 2797
12861 3906
12863 3024
12865 3375
12866 2964
12868 2175
12874 829
12884 3548
12885 1398
12887 3784
12927 1098
12928 3166
12930 4747
12938 656
12940 3494
12968 127
12971 2795
12980 1122
12981 2065
13008 4537
13010 1507
13013 5115
13022 2031
13026 4097
13029 129
13031 569
13032 1728
13034 977
13035 2252
13036 1151
13056 4305
13060 268
13067 4505
13068 2665
13096 490
13144 4180
13153 4789
13164 1185
13167 3905
13174 4568
13175 2263
13177 2999
13190 1448
13191 960
13196 4638
13199 5241
13202 3052
13205 2432
13220 1339
13276 774
13282 3730
13283 1694
13291 4523
13292 373
13310 2947
13311 1790
13318 1336
13319 424
13320 3198
13321 2289
13322 1926
13325 907
13328 862
13333 2511
13334 4582
13346 4189
13352 5170
13355 2846
13357 575
13364 4619
13369 3829
13371 4799
13384 3425
13385 667
13387 3313
13388 1691
13389 2567
13390 4481
18943 3595
13404 3479
13413 1686
13422 1563
13469 4465
13470 4450
13480 4332
13481 4356
13482 3321
13483 175
13485 1035
13486 2461
13493 2987
13496 4791
13497 4337
13498 1865
13501 1514
13520 4126
13521 2456
13526 544
13528 1896
13529 1905
13556 1106
13558 5237
13597 556
13600 3916
13604 5162
13614 4650
13615 4827
13616 2602
13619 1663
13620 2353
13621 3205
13622 2739
13624 3864
13628 102
13635 3381
13636 1142
13641 1811
13647 4728
13649 3014
13651 2646
13653 5082
13659 2390
13673 3104
13675 3229
13677 3078
13680 3597
13682 3286
13683 612
13684 193
13702 2167
13703 4629
13704 1269
13705 2022
13711 5184
13712 427
13713 1501
13714 1019
13717 197
13741 305
13749 3660
13801 4284
13802 1348
13813 85
13815 435
13831 5091
13832 3075
13834 3658
13837 2649
13847 240
13859 2067
13864 3350
13929 152
13931 2530
13932 4930
13955 232
13966 3080
13970 3195
13971 1276
13989 1952
13990 99
13992 2036
13995 3061
13999 2453
14003 447
14004 1829
14007 4442
14009 3446
14020 2982
14033 3659
14037 2095
14051 289
14078 4620
14079 4701
14089 5234
14090 3732
14093 4729
14094 1173
14096 1103
14102 2932
14123 3606
14128 2963
14131 2144
14132 4057
14135 3917
14153 3355
14154 5210
14157 3207
14159 2907
14165 3314
14170 4256
14171 139
14174 1291
14175 417
14176 2954
14181 2653
14182 4603
14265 440
14282 5004
14286 1914
14302 2633
14308 5195
14317 4384
14319 3263
14324 5060
14325 26
14338 1544
14339 750
14340 2386
14344 4134
14345 4148
14346 2626
14353 3609
14357 3703
14358 1903
14369 3926
14370 1623
14371 2075
14372 3119
14373 4623
14374 586
14376 3423
14377 2686
14379 591
14383 1552
14384 747
14385 3841
14403 4324
14424 14
14430 2011
14431 4005
14485 3671
14496 284
14497 4121
14498 2009
14499 3304
14500 1177
14502 4507
14512 1866
14534 545
14540 1823
14541 3741
14543 3640
14547 4775
14550 4191
14552 874
14558 3164
14559 2056
14560 3048
14562 4557
14600 3173
14606 1967
14615 998
14616 1828
14619 4488
14620 3805
14621 4962
14627 5146
14628 651
14638 2423
14647 3972
14661 905
14664 1285
14667 2197
14691 1076
14698 320
14707 432
14709 2251
14710 4736
14711 4496
14746 1030
14747 540
14763 3383
14766 4611
14767 3102
14770 1413
14771 201
14807 985
14808 3867
14809 1270
14818 3632
14834 3303
14840 2938
14841 4379
14842 4393
14843 1404
14844 2945
14845 3849
14854 2200
14864 2165
14865 5111
14868 3996
14869 537
14870 1873
14872 1063
14886 3694
14894 97
14924 3766
14932 4168
14933 4723
14952 2784
14967 1833
14969 4026
14972 1512
14976 1918
14982 2013
14983 4882
14985 1506
14990 336
14991 3352
15003 1441
15005 4627
15006 3334
15007 1708
15010 4595
15066 2718
15073 498
15081 1745
15082 3727
15108 3086
15123 3589
15125 426
15126 3904
15127 1658
15144 4570
15145 1168
15148 2120
15150 1733
15154 1069
15159 541
15160 532
15161 316
15163 4860
15166 3156
15170 229
15171 3277
15172 3391
15173 3124
15175 3212
15181 331
15182 564
15184 1181
15186 3282
15187 1584
15188 2151
15189 4432
15191 2906
15192 391
15194 1323
15195 2471
15196 1703
15197 3578
15198 1133
15200 3869
15205 2708
15206 2268
15208 807
15209 3253
15214 5227
15217 2212
15218 3737
15221 2113
15227 2400
15244 1446
15245 4310
15246 4188
15247 2360
15248 159
15249 535
15250 3592
15251 1299
15252 2929
15253 3056
15258 3854
15259 4644
15300 2741
15301 455
15305 1406
15306 3053
15311 4243
15316 1870
15321 2269
15325 3594
15329 3893
15353 3695
15357 4474
15365 3366
15366 100
15372 3678
15374 1447
15382 3113
15383 483
15384 1245
15386 1743
15387 3535
15388 1600
15395 1993
15396 808
15399 5013
15400 1434
15401 4090
15409 3630
15413 844
15414 3415
15415 860
15416 2985
15418 3093
15419 619
15420 1354
15422 680
15423 3492
15435 1785
15455 4320
15457 1640
15477 1933
15478 4067
15479 1569
15485 810
15495 266
15516 3686
15523 2118
15524 2538
15528 2478
15538 4528
15552 3816
15553 1382
15559 4190
15562 2705
15568 210
15571 4004
15572 3865
15580 3857
15582 4922
15583 1488
15585 4655
15596 332
15609 4809
15614 3705
15616 3615
15617 4872
15623 4780
15624 1327
15625 3059
15626 3234
15641 3448
15642 120
15657 1020
15659 2910
15663 121
15664 2648
15665 1331
15666 3257
15668 1049
15669 3642
15681 2712
15682 3084
15683 4203
15687 3001
15688 1626
15695 2796
15708 836
15712 2464
15714 40
15715 1837
15717 2028
15718 3404
15770 1230
15774 3503
15784 3682
15793 1120
15799 2170
15802 861
15805 1136
15814 1643
15816 880
15821 568
15824 1219
15846 5018
15847 4548
15850 3651
15880 4287
15882 2527
15891 1228
15898 4022
15899 1534
15905 1540
15907 1551
15911 5143
15912 2531
15913 497
15917 4363
15920 1853
15931 3797
15933 2669
15935 1333
15938 2161
15942 303
15943 3773
15951 2234
15959 882
15960 3190
15961 3913
15962 81
15971 1117
15972 477
15973 1536
15974 1340
15977 352
15998 1315
15999 2264
16006 1253
16010 3700
16011 1911
16013 2751
16014 4861
16015 2824
16020 2136
16022 1403
16032 3439
16039 3742
16041 22
16042 3672
16056 2983
16065 1397
16067 692
16068 3668
16070 4438
16083 3894
16084 2618
16087 416
16091 841
16101 3577
16102 986
16106 3902
16107 4463
16108 5160
16109 1391
16115 1118
16123 3863
16124 4677
16128 1825
16129 672
16148 3883
16154 478
16155 4725
16159 4512
16162 4708
16174 2048
16177 802
16210 1864
16213 4037
16216 1003
16224 4866
16225 5204
16226 57
16227 3370
16230 4027
16231 4719
16232 4206
16234 4969
16235 727
16258 3153
16262 2591
16264 981
16265 1729
16266 2941
16270 4998
16274 4706
16278 2505
16280 3095
16310 1570
16312 2348
16324 3260
16331 3877
16332 4992
16333 4411
16334 4133
16336 3106
16338 4181
16340 4223
16347 4559
16348 3919
16352 504
16353 4518
16357 473
16358 4480
16368 4689
