13 4748
12720 1932
4283 1431
19168 872
2556 804
22283 3842
8735 4994
283 3022
8134 2605
23772 5139
5365 863
1341 2523
6446 4746
21220 2851
13651 2396
19223 4012
17277 2120
25272 1193
23424 4963
7386 1400
14990 5104
25648 3446
17470 5003
19052 1985
5660 4689
833 4585
22269 1172
22108 3375
15552 828
1048 4306
11467 5184
16310 19
5240 3552
22692 4805
2877 2942
1825 3759
20427 734
7807 4649
13992 4054
6675 1399
3652 3584
11182 974
14338 5075
495 45
20806 1652
25089 4013
15196 3107
5441 1416
11911 4999
26176 2599
7206 1284
3716 972
21587 352
25492 5068
9964 2390
23344 26
7855 1862
1014 1600
22793 723
12425 4220
2136 3933
22177 577
16216 839
17116 1334
350 4180
5835 2308
10133 4439
9993 1322
25977 3974
9094 3560
22765 1629
18771 4507
18279 4578
18790 1107
19387 1242
4702 1348
8187 4733
18596 5017
12113 4990
16177 3087
19739 4069
15186 2941
21466 3116
9915 581
25359 573
17075 1464
2080 3562
16042 3489
25589 1162
3618 1237
18091 961
22421 646
12212 729
1149 2334
3977 1512
7026 4811
7264 1103
18381 2578
82 4802
4635 2226
2001 2519
20059 1366
8891 5167
5412 2014
7695 3701
12050 5235
22826 2498
25069 3716
19107 841
19569 2472
21324 1423
22381 4958
18390 4960
914 3671
13616 3263
21184 3698
23149 2634
941 208
17426 1526
17818 3911
6271 2093
4428 2435
9432 1738
3524 2473
6806 3605
8231 1966
21407 1153
18784 3811
2075 1900
11903 3978
10497 2734
13490 3920
20335 2573
6316 3206
7536 4673
5415 2755
12745 4177
19624 1308
13649 520
2203 2200
16906 1820
22320 1809
11910 545
3076 1050
25988 2567
9133 381
23134 1241
20683 810
15316 1179
10682 4383
16174 550
25678 4929
23901 2468
122 2491
1109 2925
23403 1232
18739 955
20331 3644
24330 2296
7245 844
1959 3270
1817 1606
23637 78
21309 4821
17388 4496
1963 1546
23417 3847
1620 374
1519 2637
6737 3951
19493 1440
4252 3491
12861 2994
2350 3418
24183 3512
12071 3665
24961 3503
18667 2677
9763 260
17865 4680
7899 1100
25611 3944
7935 2521
80 3111
8216 3016
16110 4015
18109 1202
1621 5049
25211 4921
9710 86
598 3994
16340 5210
16611 643
16676 883
25684 1218
7601 684
20595 181
10514 4267
23156 5176
5848 1480
23153 2007
5578 595
750 3645
8595 904
3819 2810
16414 1324
16148 175
3953 2956
4144 5016
17939 351
9486 3537
7592 3309
15170 1635
6094 168
751 4020
23066 2824
15847 4690
12695 4169
3185 3734
12166 3304
19903 3498
17194 2760
3188 3152
1059 2554
14351 1029
8738 5022
15208 4728
10807 3115
10338 4308
123 3556
293 2757
13837 537
24293 130
15419 104
18154 3341
22504 1085
13999 2628
2487 4642
3852 4422
10657 1144
11405 3106
8376 1679
3916 2594
25516 1274
18612 2409
380 3658
19678 3531
1029 2809
22729 5076
21028 4480
7637 3625
12587 1533
13624 1005
1976 5117
6264 1753
2607 2304
22901 4103
9441 4208
14500 2825
11944 2944
345 632
25510 4784
8263 4115
23298 231
1552 3287
9518 4936
16041 3349
5156 3853
2982 614
22523 2574
15366 1579
16429 2945
14007 929
18592 1628
23652 4304
18970 4862
6904 2683
21401 3657
4488 4051
1793 3968
5246 99
10341 4701
15353 410
24248 1737
13659 927
373 4640
16022 549
11613 1187
25526 4026
16332 2507
15126 1255
10967 3293
16783 4663
21861 2029
20528 3635
8367 1707
11609 656
8195 3015
16334 2132
24412 3416
9759 147
12491 2418
23653 3057
14870 2130
5061 1316
7023 2096
23553 4494
15685 1880
4021 4589
21144 4136
19378 4314
22109 1836
23760 5040
615 819
2596 4344
4511 448
13673 2167
1511 1377
19906 4793
7463 2165
25875 4509
22827 5200
10478 2983
18524 2065
1151 2866
29 3213
5547 1583
8305 1367
11713 3756
3006 2620
22530 2036
8352 1965
5411 1978
15455 1463
16729 583
18899 1812
10923 2375
832 1795
10252 4254
7072 3256
25663 4776
18488 503
13481 2293
3441 402
25903 1910
15913 4329
17187 350
18231 4916
2200 788
14628 752
6513 413
8629 4618
23751 940
19489 1127
17740 4072
11923 2079
11401 924
23233 3180
3511 2889
3858 2400
254 4897
25866 51
16131 3607
16347 1948
3989 4714
23492 4446
22954 3268
17538 759
15568 3266
2457 2087
6611 143
19687 4282
12851 462
16749 2654
19473 5217
20827 1374
7586 3504
839 3695
23776 2284
315 4194
25836 670
45 435
2420 1281
25107 1411
5481 3969
21853 2783
12659 1422
12247 1402
13411 1169
10679 4716
2087 2086
2144 3581
2185 1616
18297 1711
8219 1370
20003 2312
6863 2140
6941 283
24490 4525
16324 88
12645 3385
17280 4461
215 708
14316 2853
26171 2960
12758 2151
360 4943
2536 3348
3062 4600
6009 1250
20174 3501
15664 2439
17843 2611
22184 272
25435 2638
25217 4478
7712 61
12639 1780
10652 2626
10966 2789
22245 2258
20422 4820
17797 1405
5067 510
23490 2839
9241 1286
7479 4972
20148 1408
16553 2844
10638 5145
25872 754
5729 2596
934 489
24861 3533
7625 2604
8179 3311
2922 2001
18658 2676
9937 1321
5109 1499
7481 2621
8222 966
14616 4266
6583 3314
4267 4682
9273 84
9020 3522
25442 216
12318 4226
23481 832
9023 1642
4959 4060
16523 4880
23383 214
9138 1855
24592 2588
14818 87
17268 746
7718 5178
6282 5232
15624 3233
1840 762
17471 4715
14606 2254
140 2982
11490 1941
4138 1928
25531 5234
3119 2852
17804 787
19164 3031
22051 4264
21944 1653
7447 1798
21949 5004
21831 1043
17984 3121
21190 3954
7013 2095
25181 2424
4446 1249
8036 4747
24141 5157
16622 5019
12155 1507
7475 2195
19865 25
12118 150
8876 1682
22284 2030
15306 744
4116 5220
3632 971
7533 852
20489 4223
20924 258
4164 447
14051 2209
9184 998
10897 4481
10841 16
2846 47
20008 50
5993 58
9325 85
1588 90
15814 92
3113 98
12337 103
18924 106
12141 119
24199 129
16640 135
26038 137
24110 156
24559 157
899 160
5346 166
12971 223
22366 236
1310 237
1023 254
20850 257
1985 259
62 262
2710 264
5302 266
7383 267
17266 270
23708 273
20243 276
11563 319
1595 339
2293 341
2501 342
4554 343
8552 345
14615 348
23038 353
19682 372
22275 373
22791 394
25138 415
17603 423
12365 458
25080 498
17250 541
2115 544
676 579
2049 580
13220 582
21798 584
15538 588
22457 590
231 591
22937 604
9482 615
18910 616
1841 634
2450 637
12503 641
23363 647
6934 652
7991 653
10549 655
19215 665
3872 671
12409 672
5218 680
16020 690
5674 703
22601 722
17800 732
13556 781
5136 805
7801 806
11275 807
25382 813
22758 817
8612 818
5773 823
11175 825
17932 830
20001 831
13501 837
26190 847
25189 854
7105 859
25286 861
4983 862
15144 865
13801 871
20119 873
1356 877
6825 881
20716 888
4442 903
14691 907
25896 911
3677 915
4708 916
5172 917
5541 918
5794 919
6575 921
7579 938
13190 939
25469 941
17794 949
15329 952
18140 953
20954 956
24057 958
24456 963
24431 964
11416 967
21495 968
8391 973
14497 975
24101 977
24385 978
18595 986
1488 988
953 1023
205 1027
12389 1028
15718 1030
19161 1042
4466 1098
5497 1099
10983 1101
15625 1105
15917 1106
3651 1132
6351 1133
7050 1141
17172 1146
15614 1150
16368 1151
17285 1152
22951 1159
20517 1164
7811 1166
19954 1170
21800 1171
10026 1178
11132 1197
22372 1208
12679 1210
5769 1230
11053 1231
3280 1235
869 1236
14709 1238
4952 1239
17859 1240
19316 1260
25910 1262
6218 1269
14991 1273
4555 1297
25572 1305
6804 1307
4068 1319
23051 1327
4642 1328
12149 1341
24270 1346
19784 1351
8211 1357
13142 1362
22771 1369
5695 1384
5901 1385
9511 1391
4896 1396
5608 1397
9194 1401
17401 1404
894 1413
10623 1419
11491 1420
21665 1424
22734 1425
5953 1433
6408 1434
8920 1437
12287 1462
17911 1467
2803 1502
78 1504
8254 1506
17379 1509
2465 1510
2592 1511
11919 1527
3561 1529
16931 1536
17359 1550
1350 1567
3743 1601
19150 1604
18875 1649
23758 1656
12045 1658
3765 1668
18940 1676
13067 1681
23394 1717
7563 1733
14403 1735
15311 1757
16872 1758
18521 1766
19350 1785
25959 1786
25419 1794
4975 1821
4967 1828
7095 1854
7317 1867
11733 1876
23805 1890
23806 1891
25562 1893
17394 1915
11328 1931
4960 1947
2870 1959
22555 1961
9616 1967
7713 1984
16349 1989
11788 1991
10162 2003
10620 2004
2306 2042
9922 2048
15127 2063
20902 2074
4756 2075
6524 2077
8666 2078
23477 2080
4377 2090
17345 2104
3804 2125
22979 2126
1157 2127
5355 2139
25111 2145
3037 2153
10726 2155
12786 2166
5255 2168
21297 2179
20182 2183
2072 2190
6905 2192
20765 2199
7594 2201
3996 2219
4759 2227
24860 2229
3430 2239
22611 2246
19806 2252
14562 2256
23673 2275
8708 2283
24140 2289
3450 2305
16513 2327
25480 2330
19454 2332
3207 2333
920 2337
24126 2341
18158 2350
16013 2377
23503 2380
23485 2394
11442 2395
23266 2403
9392 2413
6317 2437
14619 2446
8976 2447
25569 2462
3068 2469
3265 2482
13199 2483
23204 2489
17599 2496
19204 2501
17827 2510
3633 2520
14357 2528
15206 2539
21317 2540
10956 2543
11125 2557
15435 2559
23529 2563
10552 2565
19686 2572
6156 2575
14165 2576
22242 2579
10588 2593
5352 2595
24614 2597
4433 2603
12687 2607
13711 2608
23409 2614
8122 2623
10376 2625
12874 2627
21614 2632
4301 2640
3998 2648
8513 2649
13622 2652
2926 2657
12016 2664
8298 2673
3052 2680
20089 2700
25358 2701
15821 2715
15175 2719
16274 2721
17149 2733
3948 2736
20650 2751
165 2756
6556 2759
1104 2771
24699 2791
8593 2792
17923 2793
6073 2795
11979 2803
17273 2804
17918 2826
20196 2828
3754 2829
16565 2846
15125 2850
19004 2854
14707 2891
25844 2915
6184 2916
22728 2918
10655 2926
12742 2927
10388 2935
21154 2943
25784 2946
8523 2950
12712 2965
22696 2969
10850 2975
3876 2991
9338 2992
12611 2993
6541 3013
14690 3025
22254 3026
8031 3029
25091 3035
24280 3039
24122 3059
22147 3067
16213 3072
24870 3073
16335 3079
19078 3080
10352 3085
8520 3086
19469 3100
8630 3101
8726 3103
8742 3112
23063 3113
3631 3124
6033 3177
13635 3203
17235 3207
16751 3214
450 3223
17825 3226
15249 3232
9890 3257
17981 3258
18234 3259
17163 3267
9514 3271
9723 3272
2054 3286
16336 3294
7039 3303
18782 3307
8625 3329
14369 3330
15395 3331
17583 3332
17099 3342
5731 3347
25870 3350
2770 3351
14033 3352
2342 3359
19964 3361
25571 3363
21777 3374
12411 3384
16803 3386
12106 3392
2340 3393
10186 3411
6185 3415
25405 3419
17290 3421
26005 3423
20066 3428
1150 3438
17817 3450
24595 3459
1992 3481
24451 3492
23856 3493
2851 3499
10676 3502
14078 3544
4727 3555
23240 3557
19061 3561
4069 3563
23866 3570
6807 3604
2119 3624
17581 3632
12644 3634
19641 3646
21404 3651
26058 3652
8437 3664
11066 3670
7098 3696
12642 3697
2386 3699
5533 3718
26193 3722
19801 3723
5698 3755
7857 3804
25114 3805
13521 3810
15824 3843
8184 3906
23809 3913
17453 3935
24713 3955
22746 3956
24210 3981
23465 3993
17861 3997
19871 4025
18379 4043
192 4059
6867 4061
21814 4066
20568 4070
17502 4071
9266 4073
17882 4118
8530 4134
10906 4135
10990 4155
4704 4167
8801 4168
15420 4170
11926 4171
4242 4209
9074 4219
18275 4221
17114 4222
7088 4224
7546 4225
19800 4227
18278 4248
19440 4249
299 4261
14174 4262
9018 4279
14374 4280
18299 4281
23480 4303
7523 4309
12458 4310
14844 4312
8452 4325
15150 4333
15007 4348
2506 4382
11622 4423
18218 4440
24597 4460
18366 4477
8146 4479
5548 4482
23084 4491
19931 4493
1699 4505
2303 4506
510 4553
17951 4584
11968 4603
16483 4619
21579 4641
16232 4643
11828 4650
7534 4674
24159 4678
1376 4681
348 4688
1292 4699
8671 4719
23759 4727
4037 4775
3279 4785
25176 4786
26102 4794
3844 4803
15688 4804
2222 4816
2215 4817
10792 4818
15695 4819
20379 4822
4110 4879
17696 4881
7572 4898
11971 4922
9579 4954
12863 4959
13390 4977
16886 4991
25062 4995
9039 4998
19221 5002
18194 5005
23771 5018
18454 5020
13334 5023
19145 5039
25975 5105
23672 5118
735 5140
8717 5144
11215 5175
19575 5185
11120 5209
23812 5218
24214 5219
5261 5231
18908 5233
5364 5236
16258 12
1854 13
13056 17
14982 18
19640 20
24814 23
17113 35
18408 37
18866 38
2655 46
9458 48
17968 49
5564 56
7459 59
7689 60
13929 68
14485 70
19738 72
23647 79
1373 89
18540 93
19791 94
22100 95
24696 96
10762 101
19807 107
6700 114
8045 115
9785 118
15184 120
15784 121
18719 122
22527 125
23576 126
25201 131
4013 133
26098 138
6635 144
11865 149
5052 159
3386 164
10427 172
10597 173
16741 176
22415 188
12806 202
17207 205
23967 207
23151 213
1658 218
7926 221
10268 222
23186 229
23214 230
23945 232
2368 234
18511 235
11785 252
2512 255
12101 256
21657 261
13276 269
18757 271
11891 274
14967 275
25408 277
10055 284
19340 287
23939 290
5385 297
5621 298
8335 300
17439 307
20100 314
17385 322
14003 332
15244 333
20168 336
5717 344
13371 347
16498 349
22691 366
23452 368
6023 371
4624 378
10096 384
21491 392
25158 395
25316 396
4575 397
14627 398
375 399
12733 403
26194 404
5287 407
3593 412
17275 414
11868 421
21321 424
10130 428
16032 429
2949 431
14265 433
570 437
773 438
2741 443
3372 445
4846 450
12496 459
12781 461
14807 466
15003 467
16159 469
17655 471
21012 479
21281 480
21508 481
20644 493
23907 496
24924 497
6082 501
4146 531
4632 532
7384 533
13164 536
14512 538
16594 539
16674 540
20774 543
10532 547
17589 551
731 553
1186 554
1694 555
7844 557
8503 558
12085 560
13597 561
16726 563
9643 568
1000 576
25948 578
6774 585
8049 586
2980 593
5434 594
9889 596
16115 601
5510 605
6963 607
2558 613
21910 617
950 623
21379 628
24023 629
1234 633
1997 635
2404 636
3409 638
5134 639
9341 640
13060 642
18208 644
18543 645
23628 648
25251 649
2307 650
3066 651
8116 654
16946 658
17612 659
13032 663
22726 666
7504 683
11621 686
12691 688
13615 702
1545 724
5116 726
14067 730
19080 733
5266 737
5672 739
13528 751
22483 756
6857 780
2155 782
7007 789
20052 793
2591 795
12334 799
13713 800
17536 801
23880 803
21699 811
25215 812
8851 814
13008 815
16101 816
743 820
11604 826
16083 829
9306 833
10590 834
23145 842
19159 845
2055 855
1425 856
23841 860
9360 864
811 866
15123 867
21776 868
195 869
10825 870
21543 875
21194 884
573 885
9800 886
12763 894
3827 902
260 913
2959 914
5807 920
8458 922
13989 928
14009 930
14599 931
25916 934
15793 944
13318 945
2761 947
14661 948
7204 950
12545 951
5181 959
4550 965
25006 969
11052 983
214 987
1561 989
1667 990
4484 991
135 994
12056 1000
13096 1003
16649 1009
18331 1010
18736 1011
19433 1012
20879 1014
6512 1016
4376 1017
18246 1018
5194 1024
22336 1033
10381 1035
22721 1040
20346 1080
21629 1084
17738 1102
20478 1108
4364 1110
1116 1113
21287 1116
574 1118
8224 1121
11696 1122
13282 1123
15409 1124
18745 1125
23441 1130
25698 1131
9735 1137
17396 1138
26138 1139
10113 1143
12130 1145
7042 1147
9943 1148
11661 1149
21994 1154
11077 1155
16006 1156
22621 1157
23110 1160
16521 1163
24029 1165
10456 1167
3890 1174
7985 1175
16994 1177
23470 1180
24148 1181
15580 1184
17131 1188
22917 1189
18182 1192
8067 1195
12980 1199
16389 1201
18365 1203
2059 1206
4180 1209
8701 1211
5639 1212
20116 1215
9283 1222
18681 1225
26141 1229
22144 1243
19140 1259
1278 1268
16743 1270
22423 1282
22644 1294
23986 1295
26170 1296
7522 1299
8715 1300
9255 1301
20065 1302
22476 1303
23910 1304
25582 1306
10895 1311
16162 1312
19019 1313
20317 1317
8768 1320
16210 1323
17289 1325
1078 1330
5164 1331
17721 1335
19741 1336
12654 1342
20129 1343
21754 1344
13740 1347
14128 1349
19527 1350
25486 1352
26 1353
1407 1354
3999 1355
11801 1359
12373 1360
12968 1361
15108 1363
16967 1364
17308 1365
12286 1368
12665 1371
2805 1375
4249 1379
14834 1381
22082 1386
4416 1387
8063 1388
8972 1389
9419 1390
21588 1394
4258 1395
22620 1409
23741 1410
3412 1414
5934 1417
21718 1427
22290 1428
24113 1429
3630 1430
4966 1432
7307 1435
7715 1436
15880 1438
16817 1439
19657 1441
23256 1442
24001 1443
4588 1447
1229 1465
19184 1468
26127 1471
19675 1486
22493 1489
379 1493
8862 1503
4877 1505
24932 1508
9264 1525
1403 1528
9098 1532
14638 1534
15365 1535
22046 1538
24587 1539
13310 1566
23224 1568
18037 1569
23423 1572
12478 1578
21806 1581
5209 1602
13480 1603
25902 1605
5366 1608
7103 1627
8978 1633
9017 1634
16589 1636
3056 1638
7324 1640
12324 1644
12472 1645
13831 1646
16128 1648
19900 1650
20000 1651
21613 1661
1090 1665
3418 1667
14319 1671
15663 1672
18052 1674
8888 1680
20373 1699
81 1708
2165 1718
15617 1723
2991 1727
8299 1728
18088 1730
2630 1731
6724 1732
11812 1734
18217 1736
19557 1742
178 1744
20641 1746
24762 1747
7125 1748
10490 1754
15972 1773
22790 1777
25228 1778
8968 1788
16010 1789
21142 1790
24060 1791
4525 1792
13013 1811
17569 1813
14376 1814
12311 1818
12675 1819
5809 1822
16123 1823
8471 1829
16262 1832
20375 1842
20391 1846
8786 1848
20230 1857
23299 1869
11400 1873
11700 1875
11951 1877
12268 1878
14093 1879
16495 1881
17135 1882
22188 1884
22811 1886
23509 1888
23552 1889
1430 1896
1877 1898
2042 1899
21089 1905
21156 1906
21162 1907
24753 1914
11372 1924
11318 1929
11325 1930
302 1936
5605 1938
6288 1939
25402 1946
14854 1949
9207 1960
2532 1977
13422 1988
6891 2002
24340 2008
12110 2041
8446 2043
1896 2044
4673 2060
8074 2061
14541 2062
12187 2066
7087 2067
7911 2070
2993 2088
13404 2097
18396 2107
20231 2110
23723 2118
12296 2138
21322 2142
22265 2143
6895 2149
4319 2150
9712 2154
16482 2157
22699 2160
17249 2162
13010 2164
11194 2173
15799 2174
14325 2178
10253 2181
17501 2185
26088 2189
21653 2194
22371 2214
10555 2220
25034 2225
20191 2228
16953 2233
23681 2236
23727 2237
3345 2238
22439 2245
5995 2247
8178 2249
10824 2251
15912 2257
14286 2276
22806 2277
2394 2280
9485 2285
9450 2309
12165 2310
10871 2314
18001 2329
17089 2331
6832 2336
1217 2338
12735 2340
5601 2343
16765 2351
21864 2356
3955 2359
9269 2360
21167 2361
11629 2366
23092 2368
10543 2370
11734 2372
21608 2373
25585 2374
17392 2378
8774 2389
17021 2391
19517 2392
22989 2393
8069 2397
8787 2398
15066 2401
22888 2404
16469 2414
24252 2415
13384 2420
25911 2425
7090 2430
13647 2432
1258 2444
12032 2445
25250 2448
17731 2452
9944 2460
21341 2461
11841 2467
17559 2479
2713 2481
15479 2484
19568 2487
20004 2488
8680 2499
19206 2502
20344 2503
1408 2504
19940 2512
22278 2522
4273 2524
4422 2525
5259 2526
7355 2527
11284 2533
10791 2549
10919 2550
15600 2551
15608 2552
16644 2553
6154 2555
7725 2556
13705 2558
20536 2562
2848 2564
12884 2566
3034 2570
18399 2571
3681 2585
13328 2586
4102 2598
2356 2600
16899 2610
7578 2622
15325 2630
4798 2642
17991 2643
25729 2647
10501 2650
14781 2658
17017 2659
17161 2660
18250 2666
20667 2667
18373 2671
19356 2679
6711 2681
22725 2682
23137 2695
20014 2697
19723 2704
9732 2706
2511 2708
3547 2709
13369 2711
8150 2716
9066 2717
16265 2720
22722 2722
10918 2725
20253 2729
10496 2732
23163 2743
6748 2747
4032 2752
19703 2753
11495 2754
183 2761
9946 2762
4351 2769
3875 2770
2526 2779
24781 2782
24489 2784
884 2785
10183 2788
18122 2794
20787 2799
12866 2827
3821 2830
22203 2834
21658 2838
4793 2842
15516 2843
22964 2847
3843 2869
7126 2883
18340 2892
19442 2917
21547 2919
18445 2928
10539 2932
1497 2938
16890 2939
1915 2940
10986 2947
22119 2949
13749 2951
1098 2957
4483 2958
16107 2959
14324 2966
21409 2968
16675 2984
19404 2987
23135 3009
4379 3012
15258 3019
15951 3020
22462 3058
3721 3060
16278 3061
24705 3062
5938 3064
20383 3070
20086 3081
21100 3082
21772 3083
11293 3105
17126 3109
17764 3110
25615 3114
9629 3117
10153 3118
15209 3119
15669 3120
25152 3128
24034 3132
13498 3174
8155 3179
9327 3183
2124 3208
10081 3224
4052 3228
3685 3234
25057 3239
24332 3260
18447 3261
396 3262
15214 3264
1599 3284
9984 3292
25783 3298
14970 3302
26004 3313
17564 3316
23883 3317
2443 3328
13864 3343
25383 3356
10004 3357
25234 3358
2516 3360
21998 3362
20554 3373
6813 3381
20854 3383
12263 3400
21289 3404
22830 3406
20155 3422
18972 3426
269 3437
8128 3440
9974 3441
20495 3443
21708 3445
22738 3448
6629 3449
24506 3458
20526 3478
12797 3496
21584 3497
10878 3543
70 3554
3982 3564
9135 3568
2184 3569
23623 3641
1436 3642
20064 3643
16225 3650
2563 3663
6280 3683
10445 3685
6503 3700
4469 3706
19810 3719
20772 3720
23248 3721
65 3724
358 3725
9391 3733
17124 3754
25598 3757
20775 3762
4293 3769
12614 3806
1782 3809
13990 3815
15357 3817
18913 3818
26020 3819
6918 3868
20636 3870
23064 3880
11502 3881
12158 3882
16819 3905
23219 3912
13036 3916
9893 4017
25957 4113
12046 4116
15372 4123
8504 4126
21152 4127
1289 4137
6455 4178
15715 4184
14809 4197
3772 4256
11583 4272
6835 4277
9962 4381
22428 4384
7877 4421
24593 4508
22285 4554
21594 4575
13031 5021
13620 5024
10310 4
4135 9
14924 10
9572 15
23855 21
24372 22
15959 24
19992 40
21968 42
13614 52
19084 53
5555 55
8916 62
9522 63
10942 66
18517 71
21075 73
22598 75
23293 77
23770 80
25143 81
1787 91
2654 97
10524 100
11223 102
16056 105
339 108
624 109
4743 111
6610 113
9639 117
20532 124
546 132
3316 140
1796 161
3096 163
9124 170
19297 179
20511 180
20613 182
24371 183
25102 185
4027 198
7442 200
15235 204
3178 209
23614 215
20421 225
20886 226
25931 247
8517 250
10243 251
1765 263
3032 265
7768 268
2752 280
4241 282
1254 291
4748 294
9755 301
11015 302
15305 306
14123 320
5712 328
7615 330
13847 331
24453 337
24568 338
25354 355
1941 356
7350 357
15846 358
18487 362
21432 364
22834 367
25053 369
3310 375
3909 376
5107 379
6468 380
9907 383
10711 385
11791 386
14864 387
1172 400
1838 401
7645 405
9471 416
3730 418
9713 419
17414 422
3420 427
2485 430
3937 432
23382 434
824 439
1653 440
2133 441
11082 456
19423 474
21847 482
22798 484
24955 486
25758 488
23387 495
12927 502
23107 505
8823 517
22369 526
3839 530
18648 552
7209 556
11148 559
21860 566
11964 587
16694 589
21583 603
13636 609
16696 610
18065 620
21630 621
6056 624
10910 625
12422 626
25777 630
15384 657
4036 660
12938 662
25528 669
3927 678
6030 682
22074 699
12637 701
2074 725
9829 727
10996 728
15657 731
25565 735
12664 738
14558 743
15400 745
8710 755
321 777
6364 778
6494 779
17729 792
8932 796
9188 797
9773 798
19179 802
17778 809
2076 821
4515 822
12606 836
7893 848
16778 849
18051 850
7014 851
21027 853
20236 874
1727 878
4125 879
2239 891
22894 892
14534 897
19783 898
21705 899
24398 909
106 912
20934 933
26100 937
22 942
11183 943
2341 946
13196 979
9659 980
20315 992
22379 993
4697 996
9143 997
11107 999
12688 1002
13520 1004
14647 1006
15477 1007
19945 1013
21943 1015
25209 1019
12842 1036
7444 1056
20574 1081
24718 1087
8614 1096
11447 1104
3679 1109
15399 1114
23227 1117
6421 1119
6971 1120
22778 1129
5143 1135
5175 1136
11746 1168
3243 1173
12306 1176
16393 1185
14547 1191
8208 1196
11402 1198
14969 1200
24845 1204
25379 1205
6482 1207
13995 1220
13470 1254
25996 1271
11102 1272
4383 1276
9397 1277
14344 1278
24163 1280
18983 1292
22556 1315
21165 1326
16708 1329
11640 1333
11231 1340
9862 1358
15321 1372
15559 1392
7882 1393
9075 1418
11712 1421
16331 1466
25225 1470
4989 1479
9092 1482
12453 1483
24833 1491
25204 1492
10907 1496
16575 1497
19890 1515
21560 1517
23351 1522
24114 1524
7069 1531
1711 1545
2915 1547
23558 1552
17245 1554
23943 1555
8408 1557
17309 1573
6434 1586
11591 1597
20207 1599
2255 1637
8365 1641
11444 1643
14746 1647
23302 1654
23665 1655
14181 1659
20257 1660
16801 1662
124 1664
2789 1666
7154 1669
18788 1675
25597 1678
2182 1687
10022 1691
10406 1692
13346 1693
14932 1694
19093 1697
20567 1700
10211 1719
14176 1720
14430 1721
17337 1740
1248 1745
21544 1749
13966 1755
23620 1761
25378 1768
3197 1769
8589 1771
9417 1772
17228 1774
19090 1775
1006 1787
1044 1815
20303 1824
1058 1825
17956 1841
3293 1847
8505 1849
16357 1850
22899 1851
25710 1852
11093 1865
11630 1874
22189 1885
22975 1887
25557 1892
1321 1895
1685 1897
3873 1901
19974 1913
19355 1925
22018 1926
25660 1927
12070 1942
25304 1950
12599 1969
2797 1972
17543 1990
13174 2006
13680 2038
11863 2040
25220 2046
15382 2057
17754 2064
17191 2123
17874 2124
18772 2134
15770 2141
23099 2144
4289 2146
22023 2152
10801 2156
17990 2158
19146 2159
12040 2161
8198 2163
5849 2170
2326 2180
19048 2182
19379 2186
2912 2187
6266 2188
3323 2191
10931 2196
21130 2202
24582 2205
15920 2216
22603 2223
5851 2230
21646 2231
8047 2232
17746 2242
245 2255
8215 2268
414 2282
14698 2287
9983 2299
2614 2315
3946 2322
4724 2335
5488 2339
5597 2342
3910 2352
4284 2353
9217 2371
22876 2412
3944 2416
12547 2419
22105 2423
18489 2443
17086 2458
19060 2459
1674 2477
13191 2478
19927 2490
6911 2494
13813 2500
2474 2514
10476 2516
16568 2517
21771 2518
18344 2529
4875 2532
24589 2534
5767 2537
8547 2548
17821 2561
18161 2568
1073 2569
16485 2577
17082 2587
281 2589
24032 2592
18105 2602
16475 2609
26065 2656
25050 2662
13469 2665
16234 2669
18271 2684
1736 2685
1914 2686
1405 2707
14308 2718
3553 2727
3451 2737
8541 2775
5202 2798
21663 2833
16543 2840
16563 2845
1124 2858
5739 2860
22028 2862
13970 2884
882 2885
2085 2893
3099 2895
75 2912
14414 2948
820 2955
11379 2964
8378 2971
26173 2980
3007 2988
25537 2989
21546 2990
7071 3014
113 3036
2169 3063
23306 3068
864 3069
18920 3078
3193 3099
9491 3104
15938 3108
19962 3133
364 3160
10391 3162
8398 3182
10468 3184
8177 3198
17848 3204
23622 3238
25674 3246
853 3247
17231 3251
6175 3255
5529 3265
4000 3269
21433 3297
7959 3310
15974 3315
25668 3320
15977 3334
18152 3337
17306 3354
4143 3369
20515 3391
5519 3401
26167 3405
15172 3407
5216 3420
3850 3435
9128 3436
8877 3447
3452 3460
9483 3495
1860 3500
4371 3508
15998 3509
5241 3513
18552 3517
18455 3545
9090 3565
12696 3571
22382 3573
7281 3580
15898 3633
408 3648
13834 3649
8310 3656
15191 3669
15495 3691
24970 3692
16584 3704
8386 3731
11844 3745
199 3747
164 3753
25661 3758
6303 3766
7650 3869
19256 3883
25719 3964
12749 3984
10116 4159
17878 4196
14841 4210
15802 4213
71 4273
13144 4415
15413 4416
3383 4430
2515 4471
9979 4483
9867 4774
5233 2
8579 3
15931 5
17038 6
19607 8
18233 11
4583 14
24444 28
896 29
7188 30
7277 31
16766 32
16770 33
19089 39
24578 44
5787 57
14102 69
19870 123
10235 171
15159 174
25271 186
25396 187
11861 192
6732 199
7450 201
13955 203
18286 206
18600 224
21048 227
22393 228
24939 233
1386 238
2720 241
5125 248
8053 249
24620 253
639 278
18751 311
6823 318
2620 327
18227 335
24160 354
12380 370
3922 377
3449 409
17979 411
17944 417
11026 420
14419 464
17330 470
10039 608
19605 612
5838 618
11572 619
4115 661
23511 668
19059 694
12406 736
25172 784
8807 790
11032 791
21830 794
22197 876
21125 908
13026 925
13205 926
26023 935
25607 981
21650 1032
18453 1074
18778 1075
15081 1089
5840 1095
22609 1097
18222 1115
4766 1134
1339 1182
3164 1183
20956 1186
8824 1190
2661 1194
10041 1219
21090 1234
9980 1253
19013 1293
4552 1356
20647 1373
836 1376
16747 1382
19895 1407
4814 1415
23246 1426
1594 1445
4023 1460
22394 1461
20702 1469
3501 1477
4458 1478
8387 1481
18125 1484
6390 1498
21723 1537
19109 1543
16976 1590
17248 1591
1280 1596
16921 1598
12627 1614
24219 1663
19781 1712
15300 1722
1606 1752
21391 1767
5166 1779
6337 1793
24841 1810
16270 1840
8279 1845
11806 1870
128 1916
4353 1917
18605 1934
21158 1935
24835 1957
4868 1964
11112 2005
4493 2010
23720 2011
9093 2037
7895 2039
6838 2045
4765 2076
10024 2082
17681 2083
20587 2084
11939 2122
14337 2169
16511 2175
19023 2184
14020 2193
15850 2221
25934 2234
10062 2235
10463 2240
11426 2270
7449 2316
6913 2320
4760 2323
17189 2324
23836 2346
9647 2349
15829 2406
8161 2426
8340 2427
12054 2428
6638 2449
11557 2454
14667 2455
20046 2456
12849 2474
16039 2560
21727 2613
13029 2651
11113 2661
23267 2663
10615 2691
12074 2692
24454 2696
15571 2728
5629 2735
7038 2738
3228 2758
15905 2836
238 2841
491 2857
23454 2863
10247 2871
3048 2888
10358 2898
23714 2970
11227 3017
20947 3052
2490 3097
22815 3102
24149 3147
3292 3161
5485 3235
23870 3236
11902 3237
25229 3240
13389 3305
15960 3306
5862 3308
19642 3312
19697 3319
13702 3336
19978 3338
13703 3382
3291 3387
8403 3397
3654 3408
20942 3453
14383 3463
10719 3470
21177 3474
20884 3532
16230 3553
9913 3572
16505 3687
11631 3690
3878 3702
21927 3713
8678 3726
15626 3727
6632 3730
7854 3744
16935 3748
2316 3749
2527 3751
20940 3763
6039 3764
7278 3778
9248 3779
3136 4007
11108 4021
11929 4179
21293 4183
4275 4195
5661 4268
5825 4278
23146 4302
25449 4350
7094 4397
3516 4412
7053 4413
20260 4457
22618 4523
25043 4524
13355 4528
7597 4572
8969 4604
10499 4691
3466 0
937 1
18720 7
24009 27
20033 41
23429 43
2287 162
727 189
6375 190
10519 191
18580 193
18623 194
4822 219
6864 220
13322 303
18619 310
12678 460
18579 602
13364 664
22966 667
5230 681
18622 693
20122 696
14952 761
5078 783
14559 906
16506 1031
2449 1047
10350 1062
8087 1088
18723 1233
1265 1245
21995 1298
1958 1309
403 1318
23114 1345
18193 1383
25056 1457
543 1473
1982 1476
10969 1540
2193 1574
5812 1585
593 1613
9082 1618
7045 1703
385 1750
14377 1756
1508 1843
921 1933
6442 2081
20618 2281
930 2321
8854 2345
449 2417
21468 2429
15971 2495
17419 2601
25904 2644
4631 2690
11898 2777
24240 2797
3321 2868
7091 2890
22309 3005
4650 3143
22879 3275
4781 3318
2009 3394
18684 3451
19501 3452
8457 3636
18030 3637
10446 3678
15478 3681
15200 3684
8925 3686
20255 3688
21450 3689
14345 3732
17006 3742
19051 3770
4425 3777
23686 4052
23418 4111
16486 4236
19102 4349
14639 4475
5271 4571
4255 293
13352 406
12498 687
22502 1034
23693 1490
19022 1551
26196 1582
20853 1593
6815 1844
6183 2344
13153 2796
18215 2881
26013 3071
8511 3094
2352 3163
1353 3679
3286 3680
24203 3682
8301 3728
267 3729
1025 3771
1962 3776
9103 3829
7727 3876
16227 3995
17297 3996
22503 4235
9413 4284
25219 4468
5655 2464
11602 2544
20616 2546
16647 2631
244 3141
24877 3830
16570 3878
2073 3879
22574 753
16858 34
17389 36
1375 54
9721 64
10158 65
13600 67
21316 74
22900 76
25601 82
25980 83
3731 110
5407 112
9099 116
23577 127
23649 128
8641 134
19922 136
2249 139
5957 141
6077 142
7716 145
8672 146
11233 148
14090 151
18397 152
19955 153
19980 154
21832 155
25541 158
4472 165
5740 167
6376 169
18235 177
18549 178
24731 184
20217 195
23297 196
25436 197
13712 210
16727 211
22321 212
5634 217
1738 239
2566 240
4700 242
5606 243
9870 244
16779 245
24475 246
733 279
3171 281
19149 285
19233 286
20597 288
23458 289
2250 292
4771 295
5251 296
7717 299
13714 304
14767 305
18256 308
18337 309
18971 312
19216 313
20534 315
25205 316
6465 317
15891 321
6172 323
8592 324
19464 325
23968 326
6219 329
18160 334
1910 340
9316 346
11241 359
12860 360
17850 361
20620 363
21707 365
9895 382
17626 388
18457 389
19131 390
19997 391
22426 393
482 408
22376 425
24295 426
46 454
2212 487
2952 473
4046 436
4513 442
5262 444
6179 452
6830 453
7956 485
8879 455
11472 457
12928 463
14540 465
15659 468
17692 472
18894 475
19961 476
20108 477
20562 478
20635 449
22779 483
22887 1226
25346 1227
5579 490
10550 491
17331 492
22497 494
1728 499
5656 500
22610 504
3231 506
3719 507
4705 508
4773 509
6411 511
6907 512
8072 513
8261 514
8375 515
8549 516
9025 518
11464 519
16352 521
17997 522
19545 523
19808 524
21931 525
25060 527
25289 528
2560 529
10926 534
12553 535
18668 542
8721 546
15005 548
16722 562
16876 564
20662 565
22837 567
15683 569
19923 570
20664 571
21824 572
580 574
6431 575
365 592
10383 597
13319 598
14552 599
15585 600
6810 606
17739 611
163 622
15528 627
25940 631
16470 4704
17822 4703
392 675
3173 676
3853 677
3939 679
8718 685
15251 689
16261 691
17156 692
19525 695
20432 697
21866 698
23721 700
4638 705
16607 704
23909 706
185 707
351 709
1074 710
1858 711
4512 712
6892 713
8280 714
14542 715
17751 716
18095 717
18143 718
18649 719
18943 720
19573 721
7824 747
8815 748
12065 740
22528 741
22832 742
2081 749
2664 750
8312 757
10765 758
25978 760
4713 763
6824 764
12492 765
2309 766
4211 771
6532 768
7104 772
8553 767
9649 1908
10251 1909
11670 775
11876 769
17294 770
17808 773
11468 785
11470 786
14089 808
10822 824
14004 827
12308 835
15935 838
18276 840
4269 843
26159 846
2883 857
4015 858
6667 880
10351 882
10896 887
20915 889
22848 890
5408 893
19609 895
10912 896
22836 900
11638 901
11924 905
25437 910
10601 923
15301 932
26051 936
18724 954
23991 957
5435 960
23559 962
2047 970
15383 976
10879 982
11925 984
15082 985
1776 995
12135 1001
15816 1008
1327 1020
6738 1021
25863 1022
6828 1025
25319 1026
18973 1037
19207 1038
19580 1039
7025 1041
88 1044
1995 1045
2338 1046
2530 1048
2535 1049
4355 1051
4755 1052
5210 1053
6340 1054
7197 1055
7635 1057
8727 1058
9313 1059
9656 1060
9869 1061
12507 1063
12710 1064
14648 1065
14766 1066
15010 1067
15245 1068
15457 1069
15933 1070
16654 1071
17807 1072
18225 1073
19114 1076
19446 1077
19645 1078
19939 1079
20576 1082
21178 1083
23712 1086
15523 1090
17339 1091
19711 1092
20307 1093
20660 1094
19445 1111
19495 1112
18758 1126
21497 1128
10794 1140
25850 1142
22693 1158
23920 1161
11612 1213
17875 1214
23095 1216
24944 1217
8922 1221
9488 1223
17182 1224
3595 1770
18174 2215
4382 1228
12981 1776
1839 1246
3063 1247
3502 1248
6896 1251
9736 1252
16881 1256
17828 1257
18210 1258
23864 1261
25917 1263
6944 1264
12660 1265
14372 1266
26178 1267
1832 1275
14385 1279
4576 1290
7485 1285
9389 1287
9426 1283
10246 1288
17953 2981
18946 1289
9216 1310
22507 1314
9387 1332
22149 1337
193 1338
10819 1339
3718 1378
7511 1380
5771 1398
16264 1403
18741 1406
25439 1412
320 1444
1897 1446
5602 1448
6024 1449
9030 1450
14496 1451
17464 1452
17590 1453
18042 1454
21315 1455
22770 1456
9125 1458
15943 1459
179 1472
547 1474
1829 1475
18870 1485
20062 1487
22464 1488
6064 1494
9439 1495
20101 1500
23096 1501
5055 1513
9265 1514
20341 1516
888 1518
1520 1519
6627 1520
18676 1521
23689 1523
4195 1530
13321 1541
16958 1542
23346 1544
4302 1548
8475 1549
26181 1553
141 1556
17286 1558
17443 1559
1672 1562
8079 1560
11461 1561
12739 1563
13388 1564
16755 1565
9987 1570
21554 1571
3917 1575
6858 1576
8148 1577
18398 1580
5659 1584
7883 1587
12313 1588
15160 1589
19325 1592
21205 1594
22831 1595
3725 1607
15911 1609
10115 3549
10134 3550
23916 3551
1008 1626
8369 1621
11824 1615
12066 1619
12386 1622
13333 1617
16888 1620
20808 1624
21815 1625
23896 1623
13385 1630
19578 1631
21615 2217
6158 1639
24722 1657
11047 1670
16937 1673
20258 1677
2503 1683
5465 1684
18141 1685
20663 1686
3990 1688
4080 1689
8732 1698
15166 1695
16659 4028
19324 4027
22377 1690
4213 1702
11892 1704
20645 1705
23264 1706
15198 1709
18067 1710
10600 1713
13493 1714
13496 1715
18791 1716
7510 1724
197 1725
1343 1726
15416 1729
10000 1741
19219 1739
21634 1743
1323 1751
22225 1759
23506 1760
7573 1762
8193 1763
16576 1764
16889 1765
6160 2698
19475 2699
12701 1781
18879 1782
2783 1783
9408 1784
3387 1796
4703 1797
9764 1799
10117 1800
14340 1801
14370 1802
15006 1803
16231 1804
16590 1805
16730 1806
19957 1807
21848 1808
18867 1816
24943 1817
4104 1826
4431 1827
11152 1834
15616 1839
18995 1833
19562 1830
22087 1831
22839 1838
23683 1835
24477 1837
4775 1853
20229 1856
3053 1858
2742 1859
3965 1860
5622 1861
8928 1863
18375 1864
2823 1866
9127 1868
19110 1871
9517 1872
20169 1883
1311 1894
3983 1902
4182 1903
10439 1904
1093 2710
3059 2712
3312 1911
11493 1912
6558 1918
6920 1919
14865 1920
15941 1921
16877 1922
25112 1923
2335 1937
6702 1940
16108 1943
17174 1944
17924 1945
1347 1951
4782 1952
15582 1953
17472 1954
19707 1955
21930 1956
24959 1958
4870 1962
8282 1963
2852 1971
25721 1968
25827 3154
9314 1973
12291 1974
13292 1975
13320 1976
5503 1979
10390 1980
11186 1981
8157 3379
2120 2713
8302 4657
16484 4656
523 1993
5464 1992
7774 1994
18008 1995
23385 1996
25868 1997
20550 1999
13653 1998
22599 2000
18625 2009
3877 2012
4354 2013
5827 2025
6527 2017
6544 2018
7357 2019
7719 2020
10477 2022
10881 2023
11445 2024
12788 2026
18185 2027
18904 2923
19246 2028
19463 2031
20780 2032
22741 2015
23514 2016
5367 2033
14983 2034
19144 2035
2504 2047
19585 2049
7829 2053
8973 2050
14600 2051
19101 2218
23138 2052
4774 2055
5673 2056
16717 2058
19603 2059
1859 2068
4298 2071
15192 2069
17274 2072
18941 2073
1563 2085
3534 2089
4639 2091
5065 2092
6387 2094
14379 2098
15145 2099
15562 2100
15708 2101
15714 2102
15805 2103
17580 2105
17584 2106
18952 2108
19677 2109
23241 2111
24616 2112
24617 2113
24819 2114
3508 2115
12641 2116
13068 2117
6642 2119
18209 2121
6305 2128
7726 2129
14872 2131
20316 2133
885 2135
2505 2136
17192 2137
12160 2147
19809 2148
10763 2171
11121 2172
16945 2176
21157 2177
11607 2197
19351 2198
9335 2203
25235 2204
2202 2206
2936 2207
10354 2208
17233 2210
18905 2211
21563 2212
24271 2213
6641 2714
24583 3023
352 2222
20533 2224
23513 2328
10526 2241
18189 2243
21438 2244
7999 2248
8868 2250
23304 2253
14972 2259
17158 2260
17162 2261
17403 2262
20149 2263
20519 2264
21389 2265
23912 2266
23918 2267
272 2269
11811 2271
11840 2272
19012 2273
20305 2274
22953 2278
23950 2279
10435 2286
21823 2288
232 2292
1075 2294
8737 2297
13862 2290
16742 2291
24402 2295
4451 2298
15205 2300
15666 2301
15667 2302
21031 2303
5130 2311
5353 2306
12722 2307
20184 2313
11611 2317
20779 2318
6078 2319
1024 2325
12552 2326
5505 3024
5227 2347
7015 2348
15194 2354
15623 2355
25094 2357
26067 2358
6190 2362
10656 2363
11002 2364
11403 2365
20106 2367
25610 2369
11821 2376
21469 2379
13621 4138
25388 4067
284 4345
6427 2384
16835 2383
18677 2385
21696 2386
25854 2387
24 2399
23161 2402
2127 2407
16106 2408
17670 2411
19234 2405
19724 2410
14079 2421
21032 2422
11792 2431
16831 2433
3411 2441
5392 2436
7541 2438
17665 2440
20424 2434
24734 2442
9986 2450
11719 2451
3204 2453
25937 2457
2771 2463
13619 2465
18585 2466
5631 2470
16067 2471
715 3488
16554 4068
851 2480
16837 2485
18032 2486
6530 2492
6707 2493
22224 2497
7024 2505
9147 2506
17001 2508
17393 2509
18013 2511
409 2513
6746 2515
12852 2530
16333 2531
2559 2535
5543 2536
24097 2538
2385 2541
5636 2542
17988 2545
20783 2547
2010 2580
2917 2581
6031 2582
8064 2583
20599 2584
17884 2590
20538 2591
11899 2606
19167 2612
23863 2615
1675 2616
3058 2617
11815 2618
23420 2619
9769 2624
15253 2629
22489 2633
23412 2635
25443 2636
4117 2639
16471 2641
12743 2645
21712 2646
13682 2653
26059 2655
4189 2668
17251 2670
20557 2672
12709 2674
18443 2675
26157 2678
14424 2687
19462 2688
500 2689
16754 2693
19612 2694
8374 446
17465 451
8730 2702
13177 2703
24885 2705
7452 3546
14346 3547
19244 3548
23989 4029
1966 2723
8048 2724
15717 2726
2806 2730
9209 2731
13683 2739
21203 2740
21778 2741
19710 2742
23225 2744
3683 2745
3845 2746
14664 2748
16065 2749
16963 2750
1862 2763
3194 2764
3532 2765
5400 2766
17934 2767
24129 2768
5427 2772
13529 2773
1028 2774
9924 2776
12262 2778
7853 2780
14976 2781
5469 2786
5575 2787
16624 2790
114 2800
2348 2801
6631 2802
4290 2805
8200 2806
12302 2807
21017 2808
1045 2811
6265 2812
2622 2813
6355 4694
7194 4695
20960 4696
7542 4030
15322 4031
18415 4032
4633 4033
11593 4034
16818 2995
23648 2996
2004 2997
21191 4062
1600 2835
21635 2837
8442 2848
10412 2849
8887 4858
6072 4859
1818 2859
17039 2861
1267 2864
18102 2865
2410 2867
6301 2870
15414 2872
18743 2873
22032 2874
22903 2875
23674 2876
24294 2877
24706 2878
25998 2879
4640 2880
19248 2882
1498 2886
3033 2887
2568 2894
4468 2896
9892 2897
10458 2899
11011 2900
13971 2901
18783 2902
20552 2903
20553 2904
23355 2905
25086 2906
25180 2907
25785 2908
95 2909
11109 2910
21562 2911
12260 2913
25491 2914
9126 2920
11610 2921
18558 2922
2190 2924
14933 4063
4625 2929
20959 2930
25125 2931
8476 2933
2143 2934
4254 4356
9337 4355
11822 2952
21016 2953
21169 2954
4139 2961
4247 2962
4250 2963
20002 2967
7584 2972
12049 2973
17382 2974
5062 4064
19881 4065
4712 2978
11017 2979
748 3211
17304 2985
18587 2986
17208 3212
21929 3209
1153 3000
4183 3002
6010 2998
12370 3006
16834 2999
16853 3007
21199 3001
22299 3004
4148 3210
9863 4156
20248 3844
2451 3845
400 3011
14498 3018
6878 3021
1880 3846
15961 4157
749 3027
3607 3028
15907 3030
3073 3032
7246 3033
17240 3034
1550 3037
20952 3038
4988 3040
17125 3041
24640 3898
4685 3897
15415 3899
24152 3900
18094 3046
7046 3047
14710 3048
15682 3049
16415 3050
17157 3051
23093 3053
1499 3054
20261 3055
24002 3056
16084 3065
19581 3066
6703 3074
12803 3075
15596 3076
17592 3077
25540 3084
5060 3088
1608 3089
20030 3090
2773 3091
6529 3092
6543 3093
24341 3095
834 3096
5570 3098
8871 3122
17090 3123
13684 3125
18283 3126
19301 3127
5359 3129
9504 3130
22436 3131
5225 3134
7093 3135
8000 3136
17395 3137
18582 3138
22375 3139
23419 3140
3752 3142
16900 3144
22246 3145
24174 3146
10467 4873
13175 4870
20892 3150
21816 4871
5830 3153
14371 4158
15774 3155
2826 3156
8206 3159
12865 3157
17688 3171
939 3164
1834 3165
5056 3166
13664 3167
14037 3168
16940 3169
19613 3170
24121 4153
3826 3172
12369 3173
19111 3175
22239 3176
6533 3178
24204 3181
17950 3185
18522 3186
6709 4511
18003 4510
5545 3424
2475 3190
3209 3191
15973 3192
21928 3193
24765 3194
19909 3195
23474 3196
1833 3197
12107 3199
4819 3200
7863 3201
8596 3202
4467 3205
3526 3425
15786 3427
1105 774
14985 776
880 3215
12053 3216
13604 3827
9095 3218
12043 3219
18742 3220
22890 3221
26044 3222
866 3225
20173 3227
11566 4359
11808 4357
18560 3828
1322 3241
10925 3242
15195 3243
16068 3244
17467 3245
8441 3248
16070 3249
16087 3250
19434 3252
23944 3253
24499 3254
2459 3273
6380 3274
13859 3276
4141 3279
9267 3283
16091 3277
17755 3278
20053 3280
22395 3281
26168 3282
18237 3518
8719 3288
9760 3289
10355 3290
13741 3291
20435 3295
20479 3296
16011 3299
22929 3300
22993 3301
4878 3321
5184 3322
8643 3323
11967 3324
21779 3325
24503 3326
24942 3327
7769 3333
17118 3335
12868 3339
17180 3340
6095 3344
7446 3345
25236 3346
10991 3353
19924 3355
5444 3364
13931 3365
21549 3366
4847 3367
10842 3368
6808 3370
7802 3371
17127 3372
23555 3376
25718 3377
19457 3378
3174 3380
6726 3519
5843 3388
11213 3389
25877 3390
7309 3395
8156 3396
20215 3398
21333 3399
5730 3402
15252 3403
14154 3409
15882 3410
4033 3412
20782 3413
23730 3414
2950 3417
887 3520
9634 3521
25321 3523
6075 4568
13932 4566
14499 4567
20345 3524
11617 3433
21029 3434
1611 3439
19877 3442
21638 3444
3507 3454
12419 3455
19313 3456
21755 3457
3594 3461
9968 3462
14652 3464
21592 3465
23713 3466
5059 4581
21530 4582
13485 3525
11034 3471
18764 3472
22433 3473
18171 5198
85 5199
5413 3526
6943 3479
22748 3480
12112 3482
17440 3483
1194 5181
21858 5180
5360 2475
19544 2476
6506 3638
21811 3527
16155 3494
2569 4626
5546 4627
2810 3507
18145 3510
21799 3511
1404 3514
2562 3515
11199 3516
200 3529
492 3530
6708 3528
8151 1244
9021 1291
9208 3907
9722 3908
16719 3909
16882 3910
17016 4122
17022 4124
19586 4125
1125 3534
8055 3535
8526 3536
11537 3538
18880 3539
18909 3540
21051 3541
23476 3542
5483 3982
18884 3983
22727 3975
23175 5071
21206 5070
25662 5072
3980 3558
16962 3559
1968 3566
15942 3567
5402 3574
15947 3575
6081 3576
6919 3577
19358 3578
23616 3579
2774 3582
3055 3583
3655 3585
3766 3586
3814 3587
6388 3588
7096 3589
9249 3590
12051 3591
12423 3592
12885 3593
14808 3594
15173 3595
15189 3596
15999 3597
18942 3598
19705 3599
20250 3600
21030 3601
21825 3602
25108 3603
8864 3606
16235 3608
16280 3609
17137 3610
23810 3611
7878 3612
17575 3613
17683 3614
12266 3615
15678 3616
17134 3617
21436 3618
23488 3619
23915 3620
25575 3621
9988 3622
14620 3623
2044 3626
4490 3627
4825 3628
9593 3629
15250 3630
15589 3631
9037 4191
13483 3639
14711 3640
18097 3647
5361 3653
11878 3654
18557 3655
19996 3659
20078 3660
21131 3661
23859 3662
7011 3666
8702 3667
18159 3668
1493 3672
2243 3675
3442 3673
3811 3674
5162 3676
18633 3677
23786 3693
25534 3694
16102 3703
22463 3705
5425 5065
2784 5064
16109 5066
16224 5067
21808 5069
24161 3976
6626 3714
10805 3715
25628 3717
13291 3735
20547 3736
20792 3737
7885 5169
19551 3739
22190 5168
9758 3741
2879 3743
1427 3977
1855 3750
5057 3752
6226 3760
14317 3761
6176 3765
15161 3767
20949 3768
1026 3772
1696 3773
15197 3774
18195 3775
2656 4909
14560 4910
24251 4911
16703 4976
13202 4973
22253 4974
4128 4975
5738 3816
5478 3812
6538 3813
8349 3814
12042 3979
17252 3980
18142 673
16040 674
1549 3285
22766 3217
23168 3841
1490 5086
20813 5085
252 3800
15418 3801
17341 3802
24470 3803
10640 3807
15247 3808
6076 3901
7311 3902
12615 4623
15163 3903
2339 3915
24594 3904
5477 3822
13497 3823
7247 3824
9459 3825
11829 3826
5417 4165
20513 4166
4199 4243
6443 4242
19932 4244
19936 4245
25864 4246
2118 4247
26132 4008
9994 4448
17276 4449
18383 4450
25962 2021
21195 4047
15171 4048
17864 4049
2455 4429
14353 4427
14886 4428
2043 4050
6315 4305
7483 3854
10904 3855
12707 3856
14282 3857
17933 3858
11035 3859
294 4987
8626 4985
11459 4927
6706 4928
8428 4463
10637 4462
18603 4464
21340 4307
4103 3871
12312 3872
17994 3873
26021 3874
369 3875
16433 3877
13675 4260
4186 4259
12616 5172
4485 5173
16266 5174
1822 3889
3773 3890
12887 3891
21695 3892
855 3893
4261 3894
7772 3895
17076 4534
19018 4533
17595 2976
8443 2977
15248 4149
10346 4150
15687 4151
19143 4152
19383 4035
10500 4036
17546 4037
22466 4038
25159 4531
9151 3914
25856 4532
2997 3917
6888 3918
8449 3919
19528 3921
22577 3922
25440 3923
5363 3924
253 3925
4634 3926
17122 3927
2259 4351
10317 4352
11816 1610
6448 5103
1346 5102
9591 3934
309 3936
2186 3937
6012 3938
10677 3939
11030 3940
13704 3941
17015 3942
23946 3943
20560 3945
21314 3946
1050 4239
17120 1611
9595 4836
6744 4837
6666 3952
17986 3953
1154 3231
12017 3229
12930 3230
8704 1612
17591 1632
12161 5171
19162 5170
4380 1696
16756 1701
16598 3967
22088 3970
4641 3971
17937 3972
21660 3973
357 4371
23300 4372
24960 4022
12157 4023
18597 4240
3825 4193
20893 4241
14771 4283
24127 4569
25116 4270
12689 4269
17560 4271
21697 4292
11626 3991
16941 3992
3849 3998
7010 3999
7506 4000
9312 4001
20781 4002
3988 4003
16348 4004
19247 4005
8728 4006
14869 4570
4017 5035
7888 5034
17291 5036
13035 4014
26130 4016
938 4018
5087 4019
7638 1970
7648 1982
5829 4024
5542 1983
14747 1986
17463 1987
21550 4053
24220 4055
25179 4056
25553 4057
25554 4286
1879 4058
21548 4551
5182 4552
13311 2054
16281 4648
24728 3486
2762 4969
22378 4968
1669 5011
12703 5010
5260 3487
9597 3746
11820 4436
17019 4437
17121 4438
1613 3003
15217 4211
15665 4212
16154 3965
21159 3966
2142 2381
13283 2382
23858 2388
24601 3158
1279 3490
14550 4896
1293 4074
2621 4075
2623 4076
3283 4077
3812 4078
3820 4079
3824 4080
4834 4081
5131 4082
6222 4083
6456 4084
6525 4085
6868 4086
7525 4087
8448 4088
9433 4089
12802 4090
13482 4091
13526 4092
14157 4093
14373 4094
15148 4095
17600 4096
17819 4097
17823 4098
17824 4099
18000 4100
18444 4101
22324 4102
24474 4104
24479 4105
24615 4106
26039 4107
312 4108
16545 4109
21149 4110
17724 4112
25958 4114
19126 4117
14135 4119
15388 4628
15387 4139
7524 4692
18685 4693
22083 4583
11522 4906
8857 4129
12235 4130
22129 4133
25387 4128
23216 4131
2750 4632
20668 4633
14149 4140
3750 4141
8147 4142
11616 4143
14662 4144
16648 4145
19560 4146
22199 4147
23530 4148
4750 4634
19147 2814
14843 2815
20569 2816
22233 2817
13832 4154
18613 2818
12612 2819
19208 2820
11279 4736
9832 4729
17750 4732
22976 2821
25609 2822
2388 2823
16955 4996
22487 4172
25891 4173
5083 5161
5084 5162
8711 5163
951 4181
25676 4182
925 3820
8615 3821
4263 4238
5395 4997
6859 2831
11141 2832
17999 4237
18282 2855
18314 2856
15524 4198
1556 5096
11965 5094
14096 5095
23154 5097
5212 4893
6628 4891
19015 4892
19444 4894
25139 4895
7595 2936
8118 2937
11664 4214
7632 3475
14170 3476
20414 3477
11427 4795
7958 4970
25130 4971
14543 4796
21221 3008
11528 4232
22244 4233
19450 4234
1823 3010
2003 3042
22031 3043
3431 3044
18370 3045
376 4263
2611 5084
16620 4336
1908 4337
16621 4339
17173 4340
10872 4885
2666 4882
24250 4884
9630 4253
16820 4255
14159 4514
5144 4515
24852 4516
8869 4338
18746 4265
22075 3148
93 3149
16608 3151
20328 4290
3199 5153
19507 5154
12798 3187
628 4285
13641 3188
915 3189
10438 4403
18624 4404
20558 3429
18066 4291
12787 4294
21621 4293
17343 3430
10684 3431
4018 3432
3964 3467
9414 3468
12640 3469
21101 4299
2593 5030
10433 5029
778 4611
22235 4612
12460 4311
16651 4313
161 4865
97 4863
3105 4864
11418 4866
19583 3484
21821 3947
22719 3948
21684 3485
22720 3505
24169 3506
24816 5240
9871 5239
17179 5241
19598 4368
11216 4369
13815 4370
2295 4334
5826 4335
27 4629
11114 4630
18586 4631
19081 4187
24726 4189
3239 4587
11465 4586
11577 4188
23462 4346
23464 4347
25644 4190
17141 4411
11462 4408
5814 4561
17690 4560
1656 4755
4040 4752
5828 4754
11842 4756
21531 4760
3102 4846
12414 4845
18562 4848
24439 4847
14431 4850
20537 4851
20543 4192
21339 3707
1092 4617
3196 4615
23226 4616
9631 3708
10898 3709
24207 4373
1281 4374
3653 4375
10163 4376
12551 4377
17588 4378
18621 4379
25287 4380
6354 4698
15188 4697
3684 3710
5445 3711
19447 3712
20434 3738
9959 4433
6008 4434
20914 4435
5081 4039
12256 4040
17237 3740
1107 4041
6973 4042
12320 4414
12321 4417
19222 4833
1857 4474
3967 4476
4019 4950
5626 4951
24957 4952
8557 4362
8308 4360
21288 4361
26191 4363
12618 3780
18634 3781
1662 4418
2613 4419
1378 4420
15422 4424
2984 4535
8731 4536
10564 4537
8970 3782
15187 3783
2476 4854
18984 4852
187 4790
1821 4791
21386 4792
2452 3784
9027 3785
14153 3786
3067 4358
18721 3787
1668 4443
4835 4444
19443 4445
24708 4447
844 4947
890 4948
11197 4949
1916 4230
20953 4229
24463 4231
15706 5048
374 5050
20776 3788
19252 4606
3195 4605
2785 3789
3682 3790
19956 3792
7861 5042
2355 5041
12704 5043
11012 4469
23775 4470
194 3798
8628 3799
13387 3791
22048 3793
6159 4647
19554 4646
24878 3794
5577 5133
23881 5132
12387 4489
19520 4490
23554 4492
12617 4495
6037 4497
16800 3795
800 5136
13167 5137
15485 5138
4081 4502
13625 4503
24471 4504
3100 4164
18098 4162
19380 4961
1695 4962
9618 4868
11285 4867
12193 4869
4051 4738
21187 4737
21313 4739
26092 4740
21310 4741
11879 3796
25829 4526
25849 4527
3074 4562
23416 4563
1101 3797
17854 4823
19911 4726
25487 4725
6229 4920
6423 4918
7647 4919
10847 4883
10148 3831
11009 4759
20157 4757
21344 3832
22990 3833
23471 3834
11721 3835
12151 3836
15221 3837
3206 4876
6535 4877
6579 4878
25649 3838
25839 3839
12290 4601
17307 4602
20031 3840
25853 4763
8404 4764
25 5045
22891 5044
28 4986
7916 3848
21515 3849
21523 3850
4656 3851
18196 3852
23303 3860
4265 3861
5267 3862
10559 5080
18245 5081
6389 4576
6914 4577
7468 4761
10002 4762
12041 5204
14384 5203
26042 3863
677 3864
4426 3865
4826 4588
26022 4590
6161 4874
7055 4875
19712 4773
21024 4772
8071 3866
17178 3867
23215 3884
2329 3885
24846 3886
16892 3887
19572 3888
13022 5074
8077 5073
6300 5028
2117 5027
21809 4218
15609 4217
1174 3896
2712 3928
21018 4487
5479 4488
16124 4782
20807 4781
24334 4783
7482 4676
15681 4675
20793 3929
6291 3930
17585 5213
15218 5214
7957 4573
18895 4574
8037 3931
14621 3932
19608 3949
4836 3950
19683 3957
21558 3958
22744 3959
15181 5025
2331 5026
17461 4330
188 4331
22920 4332
10356 4654
19062 4655
4372 3960
10880 3961
3851 3962
10432 4712
5774 4711
16891 4713
2624 5063
24202 5062
15572 4801
7356 4800
8811 4121
22021 4120
2332 4425
18544 4426
21596 3963
15642 4664
17563 4665
12252 4386
22404 4385
9026 3985
18669 4779
19866 4777
25545 4778
8538 4780
1344 4557
18126 4555
4276 4677
717 4679
1560 4683
4365 4684
22000 5060
25136 5061
15259 3986
16718 3987
25599 3988
11969 4499
1967 4500
18996 4501
15712 4559
19596 4558
6648 4700
14840 4702
10936 4945
19509 4944
19510 4946
23687 3989
17293 4709
15668 4707
25614 4708
26006 4710
10178 5158
3744 5159
24133 5160
115 4717
5268 4718
23757 5055
830 5053
16802 5054
9053 4983
12504 4984
1589 4769
7603 4770
1981 4730
5468 4731
5668 4734
6908 4735
18034 3990
19879 4009
25444 4010
3818 5015
3388 5012
6735 5013
23167 5014
13325 4011
14502 4044
20926 4045
5119 4843
10517 4842
7596 4749
11196 4750
19170 4751
6350 5151
4495 5146
8372 5147
11823 5148
13628 5149
15246 5150
16014 5152
20332 4046
23710 4287
5137 4431
6884 4432
1013 4745
19011 4744
2123 4288
20803 4391
6356 4392
25231 4393
1551 4798
8058 4797
2328 4289
8336 4813
24464 4814
8739 5119
13357 4498
25115 4132
25852 4160
3200 4395
4264 4394
17468 4396
10513 4486
25059 4484
25595 4485
7477 4328
19257 4326
22961 4327
12121 4161
13034 4163
6079 4399
19941 4398
15899 4174
16338 4608
21390 4607
4955 4620
4954 4621
5409 5082
8623 5083
5839 4810
12192 4812
20883 4844
787 4175
12940 4176
24732 4185
4272 5227
2557 5228
2247 5109
9606 5110
4958 4186
5973 4388
10884 4389
12122 4387
16353 4390
11037 4199
2981 4636
4427 4635
6669 5116
9865 5115
7588 4723
7590 4724
3599 5127
14130 5126
14302 5079
5432 5077
12676 5078
5667 4296
3297 4297
14770 4298
23461 4200
17936 4201
21713 4202
25470 4203
14894 5186
1670 5187
22927 5188
3362 4518
3347 4517
16957 4520
2938 4826
18581 4827
21593 4521
22325 4519
2409 4204
3522 4205
4286 4206
4288 4207
2201 4670
14868 4669
16226 4671
5211 5057
11028 5056
21171 5058
22730 5059
1187 4839
6290 4838
13677 4454
18288 4455
23206 4456
15641 4545
5466 4542
12801 4546
19548 4547
15423 4765
18144 4215
9149 4855
17346 4856
20319 4857
782 4322
11539 4321
15227 4323
16655 4324
18151 4216
22645 4228
20150 4766
22312 4767
25226 4768
23621 4934
11623 4931
5960 4904
8705 4905
11662 4907
14094 4908
19014 4250
24575 4257
8255 4258
14842 4251
1989 4912
4106 4913
7515 4914
17782 4915
18628 4591
17785 4592
15583 4252
24272 4295
7636 4771
12554 4274
4278 5237
18183 5238
10522 5130
10561 5131
1660 4930
3377 4932
23068 4933
25631 4275
1383 4276
822 4935
16358 4937
18238 4940
4777 4938
15396 4939
26180 4941
19064 4300
2304 4301
7602 4315
8307 4316
5446 4319
5632 4317
20433 4318
10818 5177
11016 5179
25596 4320
19451 4953
16932 4955
6534 4956
11561 4957
1836 4925
8400 4926
8153 4964
15182 4965
16728 4966
22319 4967
8054 4903
24504 4902
22605 5006
21623 5007
2754 4341
5511 4342
7265 4343
10056 4353
10382 4622
25482 4354
2223 4564
4266 4565
20216 4364
16643 4472
20035 4473
6170 5190
8881 5189
16609 5191
372 4614
14131 4613
142 4992
18626 4993
8185 4365
16496 4366
21303 5216
734 5215
5697 4685
14358 4686
8558 5113
13717 5114
8534 5087
8676 5088
9224 4830
10154 4828
11410 4832
16830 4367
16312 4666
16314 4667
11991 4466
3186 4465
14182 5182
17537 5183
15358 4720
18036 4721
18338 4722
14175 4787
12307 4788
22980 4789
5387 4593
18156 4594
1983 5142
13012 5141
20943 5143
22110 5135
5231 5134
22311 4556
20084 4400
6576 4401
7109 4402
12751 5193
6307 5192
13486 4451
4259 4452
18688 4453
4630 4743
9921 4742
10672 4799
12512 4405
831 4609
11280 4610
15154 4887
14132 4886
4034 4831
9715 4829
9717 4406
8512 4407
25511 4409
1798 4543
4828 4540
5404 4541
24462 5052
11641 5051
19466 4890
7543 4888
24128 4889
11411 5111
24242 5112
5853 4529
5492 4530
8870 4410
9831 4834
12473 4835
18388 5212
20654 4441
4196 4758
15401 4442
1051 5165
4245 5164
25664 5166
16823 4872
5571 4458
13802 4459
19553 4467
25447 4579
15962 4580
19892 4653
18417 4651
4643 5207
20320 5208
8395 4661
8725 4660
11054 4662
14763 4853
4432 4512
20766 4659
11718 4658
15553 4840
15374 4841
5490 4917
8474 4513
12295 5107
9189 5125
2116 5120
9765 5121
9774 5122
12034 5123
17935 5124
12248 5100
98 5101
4181 5206
17992 5205
8409 4625
2248 4624
11579 4753
15073 4522
16922 5098
20925 5099
13415 4548
7585 4549
15386 4550
74 4544
2298 4538
16129 4539
13558 5222
8669 5221
9038 5223
12213 5224
21710 5225
22318 5226
24888 4595
2561 4809
23094 4808
1969 5155
8472 5156
16971 4981
5228 4980
20170 4982
18608 4901
14339 4899
22816 4900
7280 4638
7267 4637
20309 4639
11893 4596
25667 4597
6776 5090
24733 5089
2334 5091
10180 5092
17587 5093
23970 4598
19502 4599
3748 4807
17503 4806
10602 5229
20805 5230
4038 5031
7058 5032
23811 5033
1878 5106
12338 5108
15800 4644
9130 4668
25095 4645
1010 5211
2749 4652
11642 5195
25230 5194
5256 4672
5257 4687
16015 4825
22938 4824
20333 5008
4262 5009
6701 5202
10407 5201
5406 5197
22435 5196
17851 4705
20233 4706
4366 5128
410 5129
9211 5000
13413 5001
25496 4860
19314 4861
19880 4815
25543 4849
26019 4923
26048 4924
24820 4942
20707 4978
5486 5038
8366 5037
14 5046
14171 5047
14845 4979
5232 4988
19521 4989
