7355 2527
23858 4064
17472 1954
12696 3571
12866 2827
1006 1787
18908 5233
17850 361
6300 4607
23481 832
8403 3397
8742 3112
16091 3279
8312 757
1265 1245
8970 4428
9643 568
8641 134
4525 1792
15589 3631
12369 3173
25482 4979
7829 2050
11465 4342
17331 492
8179 3311
13864 3343
10358 2898
12365 458
15800 5191
16622 5019
5862 3308
3858 2400
13013 1811
24878 4486
16726 563
6702 1940
10825 870
24204 3181
18193 1383
18122 2794
12701 1781
25379 1205
13 4748
13647 2432
3682 4463
18658 2676
1798 5070
23771 5018
2559 2535
5827 2015
17248 1591
14353 3849
9413 4284
20645 1705
22605 4970
15961 3024
21943 1015
9504 3130
13702 3336
23471 4544
2982 614
10022 1691
1787 91
1254 291
142 4992
16730 1806
9188 797
23758 1656
15186 2941
25988 2567
14419 464
2085 2893
24159 4678
25152 3128
17440 3483
20595 181
21194 884
8446 2043
24728 4040
18648 552
16967 1364
9030 1450
8888 1680
11623 4903
5081 4394
6638 2449
16741 176
22901 4103
4125 879
5346 166
9249 3590
3804 2125
934 489
8118 4212
5835 2308
12863 4959
12085 560
11182 974
4625 2929
13628 4756
3451 2737
11053 1231
25435 2638
21205 1594
10253 2181
4493 2010
20258 1677
5851 2230
6037 4497
14616 4266
23214 230
193 1338
23946 3943
185 707
3547 2709
4241 282
11868 421
2003 4238
1101 4531
2720 241
8523 2950
15664 2439
6806 3605
4250 2963
2073 3879
14512 538
22110 5044
24160 354
15891 321
17936 4849
21027 853
19783 898
17249 2162
23346 1544
17156 692
7042 1147
16624 2790
14562 2256
4021 4589
24595 3459
15600 2551
19257 4791
24506 3458
24932 1508
12122 4831
14967 275
880 3215
8969 4604
18723 1233
21665 1424
16368 1151
15829 2406
15365 1535
5059 3467
5136 805
5555 55
16131 3607
17039 2861
8932 796
21469 2379
7209 556
15171 3845
4355 1051
25220 2046
7712 61
5232 5240
15005 548
19446 1077
8449 3919
4036 660
5840 1095
15931 5
23107 505
10918 2725
8391 973
25205 316
379 1493
21931 525
15907 3030
24939 233
12051 3591
24475 246
24149 3147
15235 204
12930 3959
22318 5151
14865 1920
5209 1602
13029 2651
11012 4469
8530 4134
9717 5066
23465 3993
17341 3802
15197 3774
20782 3413
21154 2943
20647 1373
23470 1180
19520 4490
15419 104
20333 5203
4485 3887
16265 2720
9647 2349
22839 1837
3062 4600
18246 1018
13022 4605
21221 4231
8920 1437
17294 775
24734 2442
302 1936
8369 1617
14372 1266
13970 2884
25287 4380
21450 3689
9763 260
4183 2998
2388 4165
18275 4221
16022 549
21588 1394
23577 127
19145 5039
16335 3079
1563 2085
16611 643
25958 4114
13036 3916
1825 3759
80 3111
5469 2786
12676 4844
2993 2088
9984 3292
12460 4311
16523 4880
18453 1074
4213 1702
18582 3138
10513 4787
4196 5089
2611 4243
2997 3917
24615 4106
18608 5161
3206 4548
5225 3134
3207 2333
10919 2550
15159 174
8737 2292
7095 1854
22598 75
9255 1301
16647 2631
4705 508
2203 2200
16779 245
19931 4493
5826 4335
4743 111
17944 417
832 1795
3744 4712
10476 2516
12040 2161
11939 2122
22766 3796
19911 4533
18337 309
8719 3288
4703 1797
15972 1773
15882 3410
22603 2223
7625 2604
6575 921
21594 4575
4960 1947
14358 5007
23708 273
21409 2968
20243 276
6868 4086
19573 721
12286 1368
18973 1037
23653 3057
20046 2456
13604 3217
938 4018
6156 2575
18543 645
824 439
26023 935
18984 4432
12860 360
10162 2003
18757 271
1653 440
10539 2932
17464 1452
3824 4080
14498 3018
23686 4052
10564 4427
15329 952
598 3994
22497 494
17612 659
20554 3373
3980 3558
3655 3585
6944 1264
20233 5212
23068 4932
16872 1758
2806 2730
3418 1667
6635 144
19444 4206
8404 4559
1897 1446
22917 1189
9656 1060
9025 518
16575 1497
1838 401
20052 793
16651 4313
1832 1275
9128 3436
9591 3934
21199 3003
15414 2872
24835 1957
1711 1545
7533 852
1339 1182
8474 5116
1989 4912
396 3262
21727 2613
20100 314
6350 4752
3718 1378
11821 2376
18596 5017
21531 4359
13276 269
2503 1683
1149 2334
23647 79
11120 5209
16065 2749
10435 2286
2074 725
15358 5031
2303 4506
18125 1484
25601 82
10898 4372
238 2841
10478 2983
20780 2028
628 4283
4469 3706
6307 5052
11572 619
20495 3443
12709 2674
25125 2931
10561 4928
6934 652
8815 741
1499 3054
25286 861
15189 3596
2561 5153
5621 298
14128 1349
13802 5096
9944 2460
3561 1529
6305 2128
22555 1961
10433 4301
15683 569
3765 1668
23530 4148
20196 2828
10113 1143
8625 3329
17696 4881
8211 1357
15678 3616
23293 77
7595 4211
24732 4823
8387 1481
26102 4794
5829 4024
6746 2515
5087 4019
5392 2436
8534 5010
21596 4662
25116 3987
12507 1063
17099 3342
778 4305
9053 4723
21309 4821
573 885
19641 3646
16506 1031
9979 4483
2771 2463
23786 3693
25050 2662
7959 3310
22082 1386
23622 3238
19575 5185
18447 3261
25215 812
2512 255
4117 2639
8452 4325
7853 2780
23303 4568
2465 1510
5257 5199
18396 2107
2452 4436
4760 2323
9974 3441
12868 3339
21658 2838
1981 4729
10039 608
2613 4419
18720 7
23300 3976
1908 4245
12801 4884
17951 4584
22726 666
17173 4247
6632 3730
6513 413
17339 1091
5246 99
8443 3899
7802 3371
13404 2097
1293 4074
14102 69
7071 3014
25607 981
372 4988
19080 733
20433 4949
18227 335
5287 407
14664 2748
5477 3822
715 2475
9450 2309
24 2399
9149 4888
23687 4706
2339 3820
1793 3968
5575 2787
24479 4105
17817 3450
9522 63
25234 3358
25537 2989
839 3695
17804 787
25868 1997
23689 1523
24587 1539
6878 3021
23306 3068
16227 3995
1727 878
11037 4833
14868 4868
3607 3028
450 3223
15821 2715
10252 4254
19607 8
16258 12
9572 15
24009 27
24444 28
7188 30
17113 35
13614 52
5787 57
7459 59
10942 66
18517 71
9273 84
19791 94
24696 96
2654 97
12337 103
624 109
6700 114
15184 120
18719 122
25201 131
26098 138
10597 173
20511 180
6732 199
23614 215
12971 223
20421 225
1310 237
2566 240
9870 244
5125 248
21657 261
1765 263
25408 277
4255 293
9755 301
13322 303
15305 306
18751 311
11563 319
14123 320
24568 338
25354 355
18487 362
21707 365
1620 374
21491 392
22791 394
17275 414
25138 415
3420 427
16032 429
2485 430
3937 432
5579 490
20644 493
23387 495
20774 543
8721 546
10532 547
16174 550
731 553
7844 557
676 579
13220 582
11964 587
15538 588
16694 589
22457 590
231 591
5578 595
22937 604
5510 605
6963 607
13636 609
16696 610
19605 612
9482 615
18910 616
21630 621
12422 626
21379 628
24023 629
1841 634
2450 637
3409 638
12503 641
23363 647
2307 650
10549 655
15384 657
13032 663
12409 672
3927 678
1545 724
14067 730
25565 735
12065 742
8710 755
22483 756
9649 771
10251 772
6364 778
6857 780
13556 781
7007 789
2591 795
19179 802
7801 806
11275 807
25382 813
11175 825
15552 828
7014 851
25189 854
15144 865
21543 875
22197 876
1356 877
9800 886
22848 890
22894 892
21705 899
13026 925
13205 926
7204 950
14497 975
24101 977
24385 978
13196 979
9659 980
4697 996
6512 1016
4376 1017
205 1027
15718 1030
22336 1033
22502 1034
19207 1038
19580 1039
2449 1047
20346 1080
19711 1092
22609 1097
10983 1101
20478 1108
19489 1127
22778 1129
3651 1132
15614 1150
17285 1152
21407 1153
7811 1166
13411 1169
21800 1171
3890 1174
12306 1176
10026 1178
15316 1179
24148 1181
15580 1184
16393 1185
11613 1187
14547 1191
8208 1196
8701 1211
5639 1212
26141 1229
23403 1232
3280 1235
9980 1253
11102 1272
14991 1273
25516 1274
4383 1276
14385 1279
2420 1281
22423 1282
23986 1295
20065 1302
23910 1304
19019 1313
16210 1323
16414 1324
17289 1325
10819 1339
21754 1344
23114 1345
19527 1350
25486 1352
15108 1363
2805 1375
7511 1380
7882 1393
5934 1417
9075 1418
10623 1419
4966 1432
19657 1441
4588 1447
14496 1451
22394 1461
25204 1492
5109 1499
2803 1502
4877 1505
17379 1509
3977 1512
6627 1520
23351 1522
24114 1524
17426 1526
4195 1530
9098 1532
12587 1533
16931 1536
21723 1537
22046 1538
17359 1550
23943 1555
23224 1568
7883 1587
20207 1599
25902 1605
16888 1623
7103 1627
24219 1663
16937 1673
13067 1681
23394 1717
7563 1733
24248 1737
9432 1738
15311 1757
18879 1782
25959 1786
8968 1788
16010 1789
21142 1790
24060 1791
1044 1815
4975 1821
16123 1823
22087 1835
20375 1842
8786 1848
11093 1865
11806 1870
11733 1876
1430 1896
2042 1899
6558 1918
15941 1921
25112 1923
11372 1924
18605 1934
11490 1941
16347 1948
14854 1949
8352 1965
8231 1966
9616 1967
2532 1977
23385 1996
2922 2001
23153 2007
24340 2008
23720 2011
2306 2042
1896 2044
6838 2045
19101 2053
15382 2057
6524 2077
17191 2123
17874 2124
14872 2131
20182 2183
19379 2186
2072 2190
7594 2201
21130 2202
25934 2234
22245 2258
20618 2281
9485 2285
14698 2287
21823 2288
24140 2289
13862 2294
24402 2297
12165 2310
6078 2319
6913 2320
17189 2324
25480 2330
920 2337
16765 2351
3910 2352
21864 2356
3955 2359
9269 2360
25585 2374
17392 2378
23503 2380
8774 2389
16469 2414
3944 2416
7090 2430
6317 2437
21341 2461
25569 2462
16554 2476
13191 2478
851 2480
409 2513
22278 2522
4875 2532
11284 2533
5543 2536
24097 2538
8547 2548
16644 2553
10552 2565
18161 2568
18381 2578
22242 2579
2356 2600
4433 2603
16475 2609
1519 2637
16471 2641
4798 2642
26065 2656
11113 2661
4189 2668
18443 2675
18667 2677
26157 2678
10615 2691
12074 2692
24454 2696
20253 2729
9209 2731
5629 2735
7038 2738
23163 2743
3228 2758
17194 2760
4351 2769
1104 2771
8541 2775
14976 2781
24781 2782
21853 2783
10183 2788
8593 2792
17923 2793
5202 2798
3819 2810
14500 2825
3821 2830
22203 2834
491 2857
1818 2859
22028 2862
23454 2863
3321 2868
18340 2892
3099 2895
20959 2930
10388 2935
2877 2942
4247 2962
14324 2966
22696 2969
16675 2984
3007 2988
21546 2990
22299 3004
400 3011
15258 3019
15951 3020
1880 3023
3073 3032
25091 3035
18094 3046
20261 3055
24705 3062
5938 3064
11293 3105
23063 3113
3631 3124
22436 3131
24034 3132
15774 3155
2352 3163
24121 3171
13498 3174
22239 3176
6033 3177
6533 3178
8155 3179
23233 3180
2124 3208
25057 3239
13616 3263
15214 3264
4000 3269
26168 3283
2054 3286
19642 3312
2770 3351
14033 3352
17306 3354
10004 3357
21777 3374
22108 3375
19457 3378
13703 3382
15172 3407
14154 3409
6185 3415
3850 3435
6629 3449
21530 3468
13485 3469
12112 3482
4371 3508
20884 3532
14078 3544
5240 3552
16962 3559
15250 3630
15898 3633
750 3645
10446 3678
10445 3685
25534 3694
26193 3722
19801 3723
8678 3726
15626 3727
8386 3731
9391 3733
11844 3745
1427 3746
199 3747
16935 3748
2316 3749
2527 3751
25598 3757
25661 3758
18195 3775
1962 3776
1549 3795
23168 3797
24470 3803
7857 3804
25114 3805
24594 3821
13497 3823
2455 3848
14886 3850
20636 3870
16570 3878
15248 3900
16819 3905
24713 3955
5481 3969
25977 3974
17297 3996
20781 4002
14869 4008
16281 4039
6867 4061
17724 4112
25957 4113
12046 4116
15372 4123
8504 4126
21152 4127
21144 4136
22233 4153
16955 4166
6455 4178
11929 4179
21293 4183
17999 4191
17878 4196
9441 4208
15802 4213
11664 4214
19800 4227
14543 4230
22244 4233
22503 4235
16621 4246
22051 4264
10514 4267
6835 4277
5825 4278
13641 4285
2593 4300
23146 4302
15913 4329
2295 4334
5828 4357
9631 4371
12256 4395
17237 4396
7094 4397
13144 4415
15413 4416
1662 4418
15187 4429
2476 4431
25219 4468
23775 4470
23084 4491
23553 4494
17388 4496
24593 4508
13355 4528
17854 4532
25487 4534
20157 4541
25853 4558
833 4585
11968 4603
8077 4606
2117 4608
10499 4691
10936 4703
12504 4724
19906 4793
20422 4820
5973 4829
14302 4842
5432 4843
3297 4846
4110 4879
19548 4885
23621 4902
10522 4927
18390 4960
21623 4971
10382 4978
14131 4989
18626 4993
5697 5006
8676 5011
4144 5016
18454 5020
23760 5040
5231 5045
12751 5051
4034 5064
9715 5065
8870 5084
15401 5090
5490 5115
23094 5154
11467 5184
4262 5204
25531 5234
3466 0
5233 2
8579 3
18233 11
4583 14
10841 16
13056 17
14982 18
16310 19
19640 20
24814 23
15959 24
19865 25
18866 38
19992 40
2846 47
19084 53
5993 58
7689 60
8916 62
14485 70
19738 72
23637 78
9325 85
14818 87
1373 89
22100 95
10762 101
16056 105
19807 107
339 108
9639 117
15784 121
19870 123
22527 125
23576 126
24199 129
4013 133
16640 135
26038 137
24110 156
5052 159
9124 170
10427 172
16148 175
25271 186
25396 187
7442 200
13955 203
23967 207
7926 221
10268 222
22393 228
23186 229
22366 236
1386 238
25931 247
8517 250
10243 251
11785 252
1023 254
12101 256
20850 257
20924 258
1985 259
62 262
2710 264
3032 265
7383 267
7768 268
22184 272
6941 283
19340 287
4748 294
5385 297
8335 300
11015 302
17439 307
18256 308
18619 310
6465 317
17385 322
15244 333
24453 337
5717 344
23038 353
20620 363
22691 366
23452 368
12380 370
3909 376
5107 379
9907 383
10096 384
10711 385
11791 386
17626 388
22426 393
25158 395
14627 398
375 399
12733 403
17979 411
3593 412
9471 416
9713 419
17414 422
17603 423
21321 424
10130 428
2949 431
14265 433
23382 434
2741 443
4164 447
4846 450
7956 454
11082 456
12496 459
12781 461
17330 470
17655 471
19423 474
21281 480
21508 481
25346 487
10550 491
23907 496
24924 497
25080 498
3839 530
4632 532
7384 533
16674 540
2115 544
17589 551
1186 554
1694 555
8503 558
11148 559
13597 561
1000 576
22177 577
6774 585
8049 586
2980 593
5434 594
16115 601
18579 602
2558 613
5838 618
18065 620
950 623
6056 624
10910 625
25777 630
345 632
25251 649
11609 656
16946 658
19215 665
25836 670
3872 671
16020 690
19059 694
22074 699
13615 702
5116 726
15657 731
20427 734
5672 739
7824 740
8553 770
321 777
6494 779
5078 783
2200 788
17536 801
23880 803
2556 804
17778 809
20683 810
21699 811
13008 815
16101 816
22758 817
8612 818
20001 831
23145 842
7245 844
19159 845
7893 848
18051 850
7105 859
9360 864
21776 868
13801 871
20119 873
20236 874
20716 888
2239 891
12763 894
21125 908
3677 915
5172 917
20934 933
25916 934
26100 937
7579 938
13190 939
12545 951
18140 953
18739 955
20954 956
24057 958
11416 967
21495 968
25006 969
3716 972
11052 983
13096 1003
13520 1004
18331 1010
25209 1019
953 1023
12389 1028
14351 1029
21650 1032
3076 1050
18778 1075
21629 1084
15081 1089
8614 1096
4466 1098
5497 1099
7264 1103
15625 1105
15917 1106
18790 1107
4364 1110
23227 1117
574 1118
8224 1121
11696 1122
13282 1123
15409 1124
18745 1125
23441 1130
25698 1131
5175 1136
7050 1141
17172 1146
9943 1148
11661 1149
21994 1154
16006 1156
24029 1165
10456 1167
11746 1168
19954 1170
22269 1172
3243 1173
7985 1175
16994 1177
3164 1183
20956 1186
17131 1188
8824 1190
25272 1193
11402 1198
12980 1199
14969 1200
16389 1201
2059 1206
6482 1207
22372 1208
20116 1215
25684 1218
13995 1220
18681 1225
21090 1234
4952 1239
19387 1242
13470 1254
19140 1259
25910 1262
25996 1271
9397 1277
24163 1280
9241 1286
22644 1294
26170 1296
4555 1297
7522 1299
8715 1300
22476 1303
25572 1305
1958 1309
10895 1311
16162 1312
20317 1317
4068 1319
8768 1320
9937 1321
9993 1322
21165 1326
23051 1327
11231 1340
12149 1341
12654 1342
20129 1343
24270 1346
13740 1347
4552 1356
12968 1361
13142 1362
20059 1366
8305 1367
22771 1369
8219 1370
12665 1371
20827 1374
836 1376
14834 1381
16747 1382
5695 1384
5901 1385
8063 1388
8972 1389
9419 1390
15559 1392
7386 1400
9194 1401
894 1413
5441 1416
12659 1422
22734 1425
7307 1435
15880 1438
19493 1440
24001 1443
1594 1445
4023 1460
12287 1462
17075 1464
543 1473
5848 1480
12453 1483
19675 1486
23693 1490
24833 1491
10907 1496
6390 1498
8862 1503
78 1504
8254 1506
12155 1507
2592 1511
18676 1521
9264 1525
1403 1528
7069 1531
14638 1534
1963 1546
23558 1552
17245 1554
11461 1562
12739 1563
13388 1564
1350 1567
18037 1569
23423 1572
17309 1573
2193 1574
5812 1585
6434 1586
16976 1590
1280 1596
16921 1598
3743 1601
12627 1614
23896 1626
22765 1629
21615 1632
18875 1649
20806 1652
7154 1669
15663 1672
8376 1679
13346 1693
10600 1713
13493 1714
2165 1718
18088 1730
2630 1731
6724 1732
11812 1734
14403 1735
18217 1736
178 1744
20641 1746
24762 1747
7125 1748
21544 1749
10490 1754
13966 1755
25378 1768
9417 1772
17228 1774
25228 1778
12639 1780
19350 1785
25419 1794
24841 1810
18899 1812
14376 1814
5809 1822
17956 1841
20391 1846
7317 1867
23509 1888
23806 1891
1877 1898
21162 1907
25903 1910
24753 1914
4353 1917
4138 1928
12720 1932
921 1933
6288 1939
25402 1946
25304 1950
9207 1960
16349 1989
11788 1991
5464 1993
13653 1999
6891 2002
10620 2004
22530 2036
12110 2041
8074 2061
14541 2062
12187 2066
7087 2067
4298 2069
4756 2075
8666 2078
11923 2079
23477 2080
17681 2083
20587 2084
2087 2086
4377 2090
20231 2110
12296 2138
6895 2149
10801 2156
22699 2160
8198 2163
13010 2164
15799 2174
14325 2178
17501 2185
3323 2191
6905 2192
21653 2194
22371 2214
10555 2220
25034 2225
21646 2231
8047 2232
245 2255
2394 2280
24330 2296
2607 2304
3450 2305
10871 2314
2614 2315
930 2321
3946 2322
18001 2329
1217 2338
12735 2340
24126 2341
23836 2346
18158 2350
4284 2353
21167 2361
11629 2366
10543 2370
9217 2371
11734 2372
21608 2373
16013 2377
19517 2392
22989 2393
15066 2401
23161 2402
24252 2415
449 2417
12491 2418
13384 2420
25911 2425
14619 2446
8976 2447
25250 2448
14667 2455
17086 2458
19060 2459
3524 2473
1674 2477
17559 2479
13199 2483
15479 2484
20004 2488
19927 2490
122 2491
6911 2494
17599 2496
22826 2498
13813 2500
19204 2501
19206 2502
21771 2518
3633 2520
4422 2525
14357 2528
5767 2537
21317 2540
15608 2552
7725 2556
2848 2564
14165 2576
16485 2577
17082 2587
10588 2593
5352 2595
5729 2596
24614 2597
18105 2602
13711 2608
16899 2610
3006 2620
7481 2621
10652 2626
21614 2632
4301 2640
17991 2643
25904 2644
10501 2650
12016 2664
13469 2665
20667 2667
8298 2673
6904 2683
18271 2684
1736 2685
4631 2690
23137 2695
20014 2697
19723 2704
24885 2705
9732 2706
1405 2707
2511 2708
8150 2716
14308 2718
16274 2721
10496 2732
3948 2736
6748 2747
19703 2753
11495 2754
165 2756
9946 2762
11898 2777
2526 2779
24489 2784
884 2785
10966 2789
24699 2791
6073 2795
20787 2799
11979 2803
17273 2804
1029 2809
23066 2824
17918 2826
5739 2860
18215 2881
7126 2883
3048 2888
7091 2890
14707 2891
75 2912
21547 2919
18445 2928
1497 2938
16890 2939
1915 2940
16429 2945
22119 2949
13749 2951
3953 2956
12712 2965
10850 2975
9338 2992
1153 2997
6010 2999
23135 3009
11227 3017
283 3022
14690 3025
749 3027
8031 3029
19164 3031
24002 3056
16278 3061
2169 3063
18920 3078
19078 3080
20086 3081
21772 3083
10352 3085
8520 3086
8511 3094
2490 3097
3193 3099
19469 3100
17764 3110
25615 3114
9629 3117
10153 3118
5359 3129
19962 3133
2826 3156
364 3160
3292 3161
10391 3162
10468 3184
12053 3216
23870 3236
11902 3237
24332 3260
5529 3265
13859 3276
20053 3281
1599 3284
25783 3298
14970 3302
26004 3313
14369 3330
17583 3332
15977 3334
18152 3337
19978 3338
25383 3356
2342 3359
19964 3361
25571 3363
3291 3387
20515 3391
21289 3404
3654 3408
24412 3416
2950 3417
269 3437
1150 3438
21708 3445
25648 3446
3452 3460
1992 3481
2851 3499
7586 3504
24183 3512
10878 3543
70 3554
4727 3555
3982 3564
2184 3569
23866 3570
9593 3629
17581 3632
9037 3638
20331 3644
11066 3670
6280 3683
11631 3690
7098 3696
12642 3697
21184 3698
2386 3699
16584 3704
25069 3716
5533 3718
20772 3720
23248 3721
65 3724
358 3725
7854 3744
20775 3762
4293 3769
1025 3771
7278 3778
9248 3779
8349 3790
12614 3806
26020 3819
17595 3898
8184 3906
6888 3918
16598 3967
12749 3984
7010 3999
19247 4005
3136 4007
19223 4012
25089 4013
11108 4021
4488 4051
4959 4060
21814 4066
9266 4073
23216 4133
10906 4135
1289 4137
10116 4159
15420 4170
12745 4177
15715 4184
4275 4195
4242 4209
25130 4229
11528 4232
19450 4234
16486 4236
376 4242
16620 4244
299 4261
14174 4262
9018 4279
18299 4281
25449 4350
1656 4355
3516 4412
7053 4413
12617 4495
18771 4507
11009 4540
22990 4543
7597 4572
4836 4631
3851 4648
25176 4786
2222 4816
2215 4817
10792 4818
15695 4819
20379 4822
9606 4827
15641 4882
5466 4883
16886 4991
937 1
10310 4
17038 6
4135 9
14924 10
23855 21
24372 22
23344 26
896 29
5564 56
13929 68
21075 73
23770 80
9710 86
16324 88
1588 90
15814 92
18540 93
3113 98
10524 100
11223 102
18924 106
6610 113
8045 115
9785 118
12141 119
24293 130
546 132
19922 136
24559 157
899 160
3096 163
10235 171
19297 179
20613 182
24371 183
25102 185
22415 188
4027 198
7450 201
17207 205
941 208
2368 234
18511 235
8053 249
24620 253
5302 266
17266 270
639 278
2752 280
10055 284
23939 290
6823 318
2620 327
5712 328
7615 330
13847 331
14003 332
20168 336
2501 342
8552 345
14615 348
16498 349
21587 352
1941 356
7350 357
15846 358
21432 364
22834 367
3310 375
3922 377
4624 378
6468 380
14864 387
4575 397
26194 404
3730 418
11026 420
45 435
773 438
2133 441
12678 460
15003 467
21012 479
22798 484
25758 488
6082 501
12927 502
13164 536
16594 539
11910 545
21860 566
25948 578
16729 583
21798 584
9889 596
21583 603
21910 617
1234 633
5134 639
9341 640
18208 644
23628 648
7991 653
8116 654
12938 662
13364 664
22966 667
25528 669
11621 686
18622 693
12637 701
9829 727
10996 728
12212 729
17800 732
12406 736
14558 743
17268 746
4211 767
7104 769
2155 782
25172 784
8807 790
17729 792
21830 794
9773 798
12334 799
13713 800
8851 814
743 820
4515 822
11604 826
16083 829
17932 830
9306 833
26190 847
16778 849
2055 855
1425 856
23841 860
4983 862
5365 863
811 866
15123 867
14534 897
14559 906
25896 911
4708 916
5807 920
14007 929
14009 930
14599 931
23751 940
25469 941
13318 945
14661 948
17794 949
4550 965
8222 966
214 987
1488 988
9184 998
11107 999
12056 1000
12688 1002
15477 1007
16649 1009
19433 1012
20879 1014
5194 1024
12842 1036
22721 1040
21831 1043
7444 1056
10350 1062
20574 1081
24718 1087
8087 1088
7899 1100
17738 1102
11447 1104
3679 1109
1116 1113
15399 1114
21287 1116
6421 1119
6971 1120
6351 1133
4766 1134
5143 1135
17396 1138
10657 1144
12130 1145
22621 1157
22951 1159
23110 1160
25589 1162
18182 1192
8067 1195
18109 1202
18365 1203
24845 1204
4180 1209
12679 1210
10041 1219
9283 1222
5769 1230
23134 1241
22144 1243
1278 1268
6218 1269
16743 1270
14344 1278
18983 1292
19013 1293
21995 1298
25582 1306
6804 1307
19624 1308
22556 1315
403 1318
4642 1328
16708 1329
11640 1333
17721 1335
26 1353
1407 1354
3999 1355
9862 1358
11801 1359
12373 1360
17308 1365
15321 1372
1511 1377
4249 1379
4416 1387
9511 1391
4896 1396
12247 1402
20148 1408
22620 1409
23741 1410
3412 1414
4814 1415
11491 1420
21324 1423
23246 1426
21718 1427
22290 1428
24113 1429
3630 1430
4283 1431
5953 1433
6408 1434
7715 1436
16817 1439
23256 1442
320 1444
18042 1454
1229 1465
17911 1467
19184 1468
25225 1470
26127 1471
3501 1477
4458 1478
9092 1482
22493 1489
19890 1515
21560 1517
11919 1527
19109 1543
2915 1547
8408 1557
16755 1565
13310 1566
12478 1578
26196 1582
20853 1593
11591 1597
13480 1603
593 1613
9082 1618
18592 1628
8365 1641
12472 1645
14746 1647
20000 1651
23302 1654
23665 1655
14181 1659
124 1664
14319 1671
18788 1675
18940 1676
10406 1692
14932 1694
19093 1697
20373 1699
20567 1700
81 1708
19781 1712
14430 1721
2991 1727
8299 1728
19557 1742
1248 1745
6264 1753
23620 1761
21391 1767
8589 1771
19090 1775
22790 1777
5166 1779
6337 1793
12311 1818
12675 1819
16906 1820
20303 1824
1058 1825
8471 1829
16262 1832
16270 1840
6815 1844
8279 1845
3293 1847
8505 1849
16357 1850
25710 1852
23299 1869
11400 1873
11630 1874
11700 1875
11951 1877
12268 1878
16495 1881
22188 1884
22189 1885
22811 1886
23552 1889
23805 1890
1321 1895
3873 1901
21089 1905
21156 1906
19974 1913
17394 1915
128 1916
22018 1926
25660 1927
11325 1930
11328 1931
21158 1935
5605 1938
12070 1942
2870 1959
17543 1990
22599 2000
13174 2006
13680 2038
11863 2040
9922 2048
4673 2060
7911 2070
20902 2074
4765 2076
6442 2081
10024 2082
7023 2096
17345 2104
23723 2118
22979 2126
18772 2134
21322 2142
22265 2143
9712 2154
17990 2158
19146 2159
7463 2165
13673 2167
14337 2169
5849 2170
11194 2173
16511 2175
21297 2179
19023 2184
10931 2196
20765 2199
24582 2205
14051 2209
15920 2216
15850 2221
4635 2226
20191 2228
24860 2229
16953 2233
10062 2235
23681 2236
23727 2237
15912 2257
14286 2276
22806 2277
414 2282
9983 2299
20003 2312
7449 2316
5505 2328
17089 2331
19454 2332
4724 2335
6832 2336
5488 2339
5597 2342
5601 2343
6183 2344
8854 2345
23092 2368
10923 2375
9964 2390
17021 2391
23485 2394
11442 2395
13651 2396
8069 2397
8787 2398
23266 2403
22888 2404
18612 2409
22876 2412
9392 2413
22105 2423
8161 2426
8340 2427
12054 2428
7541 2438
17665 2440
18489 2443
12032 2445
11557 2454
12849 2474
2713 2481
3265 2482
19568 2487
23204 2489
8680 2499
20344 2503
17827 2510
19940 2512
2474 2514
16568 2517
7935 2521
1341 2523
4273 2524
5259 2526
18344 2529
24589 2534
15206 2539
10791 2549
6154 2555
13705 2558
15435 2559
12884 2566
3034 2570
18399 2571
22523 2574
3681 2585
13328 2586
24592 2588
3916 2594
4102 2598
26176 2599
12687 2607
7578 2622
10376 2625
12874 2627
15325 2630
23149 2634
25729 2647
13622 2652
17017 2659
17161 2660
18250 2666
19356 2679
6711 2681
22725 2682
1914 2686
20089 2700
25358 2701
13369 2711
9066 2717
15175 2719
22722 2722
3553 2727
15571 2728
17149 2733
4032 2752
293 2757
6556 2759
183 2761
24240 2797
3754 2829
15125 2850
21220 2851
14316 2853
1124 2858
3843 2869
10247 2871
882 2885
3511 2889
25844 2915
6184 2916
19442 2917
10986 2947
1098 2957
11379 2964
23714 2970
8378 2971
26173 2980
12611 2993
22309 3005
8195 3015
22254 3026
113 3036
24280 3039
20947 3052
22462 3058
22147 3067
20383 3070
16213 3072
24870 3073
21100 3082
16177 3087
8630 3101
22815 3102
9491 3104
11405 3106
15938 3108
15209 3119
15669 3120
17984 3121
17688 3159
8398 3182
17825 3226
4052 3228
3685 3234
5485 3235
25229 3240
9890 3257
17981 3258
22879 3275
17755 3280
21433 3297
7592 3309
25668 3320
2443 3328
15395 3331
25870 3350
2516 3360
21998 3362
12106 3392
2340 3393
2009 3394
12263 3400
10186 3411
26005 3423
8128 3440
8877 3447
22738 3448
20942 3453
14383 3463
21177 3474
6506 3488
16042 3489
21584 3497
19903 3498
1860 3500
15998 3509
5241 3513
18552 3517
18455 3545
2080 3562
4069 3563
9135 3568
22382 3573
4825 3628
1436 3642
20064 3643
21404 3651
8925 3686
16505 3687
20255 3688
15495 3691
24970 3692
6503 3700
3878 3702
21927 3713
19810 3719
14345 3732
17006 3742
17124 3754
6303 3766
19051 3770
4425 3777
5478 3788
6918 3868
7727 3876
23064 3880
19018 3897
22746 3956
25719 3964
17861 3997
751 4020
192 4059
8857 4129
12235 4130
8801 4168
11926 4171
315 4194
14809 4197
12318 4226
7958 4228
18278 4248
5661 4268
11583 4272
15150 4333
19102 4349
3383 4430
14639 4475
25043 4524
21344 4542
5271 4571
8037 4628
16232 4643
9867 4774
2247 4826
12113 4990
21968 42
25143 81
20532 124
2287 162
6094 168
727 189
6375 190
10519 191
11861 192
18580 193
18623 194
12806 202
18286 206
25442 216
2293 341
13371 347
17187 350
25053 369
25316 396
1172 400
3441 402
570 437
3372 445
14807 466
16159 469
8261 514
8823 517
22369 526
4146 531
1997 635
13060 642
22421 646
3066 651
4115 661
23511 668
5230 681
7504 683
12691 688
20122 696
5674 703
14952 761
11670 773
11876 774
17808 776
11032 791
615 819
2076 821
5773 823
10590 834
12606 836
13501 837
16216 839
19107 841
3827 902
4442 903
24398 909
260 913
2959 914
5541 918
5794 919
8458 922
11401 924
13989 928
2341 946
2761 947
1561 989
1667 990
4484 991
135 994
13624 1005
14647 1006
18736 1011
10381 1035
19161 1042
18222 1115
9735 1137
26138 1139
11077 1155
20517 1164
2661 1194
11132 1197
869 1236
3618 1237
14709 1238
17859 1240
5061 1316
19895 1407
11712 1421
17590 1453
15455 1463
16331 1466
20702 1469
1982 1476
10969 1540
9017 1634
2255 1637
3056 1638
7324 1640
9023 1642
11444 1643
13831 1646
16128 1648
21944 1653
12045 1658
20257 1660
21613 1661
16801 1662
1090 1665
2789 1666
18052 1674
25597 1678
2182 1687
18297 1711
10211 1719
14176 1720
15617 1723
17337 1740
385 1750
1606 1752
14377 1756
18521 1766
3197 1769
1508 1843
22899 1851
14093 1879
15685 1880
22975 1887
25557 1892
25562 1893
1685 1897
19355 1925
11318 1929
12599 1969
2797 1972
13422 1988
523 1992
7774 1994
18008 1995
20550 1998
11112 2005
18625 2009
9093 2037
7895 2039
6271 2093
7013 2095
25111 2145
4289 2146
3037 2153
10726 2155
12786 2166
2326 2180
19048 2182
6266 2188
26088 2189
14020 2193
7475 2195
4759 2227
17746 2242
22611 2246
10824 2251
8215 2268
23673 2275
21468 2429
1258 2444
11841 2467
23901 2468
15971 2495
1408 2504
16332 2507
2001 2519
10956 2543
281 2589
24032 2592
17419 2601
8134 2605
17843 2611
23409 2614
8122 2623
13999 2628
8513 2649
23267 2663
3052 2680
13153 2796
21663 2833
15905 2836
15516 2843
22728 2918
12742 2927
14414 2948
820 2955
4483 2958
140 2982
16834 3001
20248 3008
2451 3010
24122 3059
864 3069
17126 3109
10807 3115
21466 3116
4650 3143
9327 3183
10081 3224
853 3247
17231 3251
4141 3277
22830 3406
17290 3421
20066 3428
18684 3451
19501 3452
10719 3470
21811 3490
9483 3495
12797 3496
16230 3553
9090 3565
9913 3572
7281 3580
8457 3636
18030 3637
2563 3663
15478 3681
15200 3684
7695 3701
8301 3728
267 3729
3185 3734
164 3753
20940 3763
6039 3764
1782 3809
25962 3841
7650 3869
17076 3896
23418 4111
11522 4128
14841 4210
3772 4256
2515 4471
2487 4642
22645 4896
16770 33
24578 44
3386 164
3178 209
23151 213
21048 227
19682 372
22275 373
21847 482
24955 486
2404 636
12498 687
13659 927
18595 986
20315 992
22379 993
9143 997
19945 1013
16521 1163
4989 1479
16589 1636
12324 1644
8876 1682
15300 1722
17569 1813
17135 1882
4868 1964
2912 2187
3345 2238
3430 2239
10463 2240
22439 2245
14606 2254
11426 2270
17731 2452
11602 2544
20616 2546
23529 2563
3998 2648
2926 2657
10497 2734
23490 2839
16543 2840
4793 2842
16563 2845
22964 2847
26013 3071
6175 3255
4143 3369
12411 3384
5216 3420
20155 3422
20526 3478
8310 3656
1353 3679
3286 3680
24203 3682
9893 4017
18379 4043
10990 4155
1796 161
1658 218
6864 220
23945 232
6023 371
22574 753
24431 964
25056 1457
16482 2157
19806 2252
20536 2562
14781 2658
19404 2987
3721 3060
244 3141
18972 3426
21401 3657
13990 3815
18913 3818
3449 409
15353 410
5266 737
5995 2247
8178 2249
17821 2561
15357 3817
6030 682
12664 738
16039 2560
15191 3669
1854 13
7277 31
16766 32
16858 34
17389 36
18408 37
19089 39
20033 41
23429 43
495 45
2655 46
9458 48
17968 49
20008 50
25866 51
1375 65
9721 74
10158 76
13600 54
21316 64
22900 67
25980 83
3731 110
5407 112
9099 116
23649 128
2249 147
3316 149
5957 141
6077 139
6611 142
7716 143
8672 146
9759 140
11233 153
11865 2215
12118 150
14090 155
18397 145
19955 148
19980 151
21832 152
25541 154
4472 165
5740 167
6376 169
18235 177
18549 178
24731 184
20217 195
23297 196
25436 197
13712 210
16727 211
22321 212
23383 214
5634 217
4822 219
18600 224
20886 226
23298 231
1738 239
4700 242
5606 243
11891 274
733 281
3171 285
19149 279
19233 286
20597 288
23458 289
2250 292
4771 295
5251 296
7717 299
13714 304
14767 305
18971 312
19216 313
20534 315
6172 323
8592 324
19464 325
23968 326
6219 329
18160 334
1595 339
1910 351
4554 340
9316 343
17939 346
11241 359
9133 381
9895 382
18457 389
19131 390
19997 391
7645 405
13352 406
482 408
22376 425
24295 426
46 436
2212 442
2952 444
4046 446
4511 448
4513 449
5262 451
6179 452
6830 453
8879 455
11472 457
12851 462
12928 463
14540 465
15659 468
17692 472
18894 473
19961 475
20108 476
20562 477
20635 478
22779 483
22887 485
1728 499
5656 500
18488 503
22610 504
3231 506
3719 507
4773 509
5067 510
6411 511
6907 512
8072 513
8375 515
8549 516
11464 519
13649 520
16352 521
17997 522
19545 523
19808 524
25060 527
25289 528
2560 529
10926 534
12553 535
13837 537
17250 541
18668 542
16722 562
16876 564
20662 565
22837 567
19923 570
20664 571
21824 572
25359 573
580 574
6431 575
2049 580
9915 581
365 592
10383 597
13319 598
14552 599
15585 600
6810 606
17739 611
163 622
15528 627
25940 631
16470 2856
17822 2855
392 675
3173 676
3853 677
3939 679
5218 689
7601 680
8718 691
15251 698
16261 684
19525 695
20432 697
21866 685
23721 700
4638 704
16607 705
23909 706
215 708
351 709
1074 710
1858 711
4512 712
6892 713
8280 714
14542 715
17751 716
18095 717
18143 718
18649 719
18943 720
22601 722
22793 723
15306 744
15400 745
22528 747
22832 748
2081 749
2664 750
13528 751
14628 752
25872 754
10765 758
17538 759
25978 760
1840 762
4713 763
6824 764
12492 765
2309 766
6532 768
11468 785
11470 786
14089 808
10822 824
14004 827
12308 835
15935 838
18276 840
4269 843
26159 846
2883 857
4015 858
195 869
19168 872
6667 880
6825 881
10351 882
16676 883
10896 887
20915 889
5408 893
19609 895
10912 896
22836 900
11638 901
8595 904
11924 905
14691 907
25437 910
106 912
10601 923
15301 932
26051 936
22 942
11183 943
15793 944
18724 954
23991 957
5181 959
5435 960
18091 961
23559 962
24456 963
2047 970
3632 971
15383 976
10879 982
11925 984
15082 985
1776 995
12135 1001
15816 1008
1327 1020
6738 1021
25863 1022
6828 1025
25319 1026
7025 1041
88 1044
1995 1045
2338 1046
2530 1048
2535 1049
4755 1052
5210 1053
6340 1054
7197 1055
7635 1057
8727 1058
9313 1059
9869 1061
12710 1064
14648 1065
14766 1066
15010 1067
15245 1068
15457 1069
15933 1070
16654 1071
17807 1072
18225 1073
19114 1076
19645 1078
19939 1079
20576 1082
21178 1083
22504 1085
23712 1086
15523 1090
20307 1093
20660 1094
19445 1111
19495 1112
18758 1126
21497 1128
10794 1140
25850 1142
22693 1158
23920 1161
11612 1213
17875 1214
23095 1216
24944 1217
8922 1221
9488 1223
17182 1224
3595 1226
18174 1227
4382 1228
12981 1244
1839 1246
3063 1247
3502 1248
4446 1249
6009 1250
6896 1251
9736 1252
15126 1255
16881 1256
17828 1257
18210 1258
19316 1260
23864 1261
25917 1263
12660 1265
26178 1267
4576 1283
7206 1284
7485 1285
9389 1287
9426 1289
10246 1291
17953 1290
18946 1288
9216 1310
22507 1314
1078 1330
5164 1331
9387 1332
17116 1334
19741 1336
22149 1337
4702 1348
19784 1351
4258 1404
5608 1397
5771 1405
6675 1399
16264 1398
17401 2217
17797 2710
18741 1403
25107 1411
25439 1406
5602 1448
6024 1449
21315 1455
22770 1456
9125 1458
15943 1459
179 1472
547 1474
1829 1475
18870 1485
20062 1487
22464 1488
6064 1494
9439 1495
20101 1500
23096 1501
5055 1513
9265 1514
20341 1516
888 1518
1520 1519
13321 1541
16958 1542
4302 1548
8475 1549
19022 1551
26181 1553
141 1556
17286 1558
17443 1559
1672 1560
8079 1561
9987 1570
21554 1571
3917 1575
6858 1576
8148 1577
15366 1579
18398 1580
21806 1581
5547 1583
5659 1584
12313 1588
15160 1589
19325 1592
22831 1595
1014 1600
19150 1604
1817 1606
3725 1607
5366 1608
15911 1609
10115 5178
10134 5177
23916 5179
1008 1615
2185 1616
11824 1619
12066 1620
12386 1621
13333 1622
20808 1624
21815 1625
13385 1630
19578 1631
8978 1633
15170 1635
6158 1639
19900 1650
24722 1657
11047 1670
5465 1684
18141 1685
20663 1686
3990 1688
4080 1689
8732 1690
15166 1695
16659 1696
19324 1698
22377 1701
7045 1703
11892 1704
23264 1706
8367 1707
15198 1709
18067 1710
13496 1715
18791 1716
7510 1724
197 1725
1343 1726
15416 1729
10000 1739
19219 1741
21634 1743
1323 1751
22225 1759
23506 1760
7573 1762
8193 1763
16576 1764
16889 1765
6160 1770
19475 1776
2783 1783
9408 1784
3387 1796
7447 1798
9764 1799
10117 1800
14340 1801
14370 1802
15006 1803
16231 1804
16590 1805
19957 1807
21848 1808
22320 1809
18867 1816
24943 1817
4104 1826
4431 1827
4967 1828
11152 1830
15616 1831
18995 1833
19562 1834
22109 1836
23683 1838
24477 1839
4775 1855
9138 1857
20229 1853
20230 1856
3053 2712
2742 1859
3965 1862
5622 1860
7855 1863
8928 1864
18375 1861
2823 1866
9127 1868
19110 2713
9517 1872
20169 1883
1311 1894
2075 1900
3983 1902
4182 1903
10439 1904
1093 1908
3059 1909
3312 1911
11493 1912
6920 1919
16877 1922
2335 1944
16108 1937
17174 1945
17924 1943
1347 1951
4782 1952
15582 1953
19707 1955
21930 1956
24959 1958
4870 1962
8282 1963
2852 1971
25721 1968
25827 1970
9314 1973
12291 1974
13292 1975
13320 1976
5411 1978
5503 1979
10390 1980
11186 1981
8157 4961
2120 4962
7713 5029
19052 5030
8302 4680
16484 2714
3877 2012
4354 2013
5412 2014
6527 2016
6544 2017
7357 2018
7719 2019
10477 2020
10881 2021
11445 2022
12788 2023
18185 2024
18904 2025
19246 2026
19463 2027
21861 2029
22284 2030
22741 2031
23514 2032
5367 2033
14983 2034
19144 2035
2504 2047
19585 2049
8973 2051
14600 2052
23138 2054
4774 2055
5673 2056
16717 2058
19603 2059
15127 2063
17754 2064
18524 2065
1859 2068
15192 2071
17274 2072
18941 2073
2457 2087
3534 2089
4639 2091
5065 2092
6387 2094
14379 2098
15145 2099
15562 2100
15708 2101
15714 2102
15805 2103
17580 2105
17584 2106
18952 2108
19677 2109
23241 2111
24616 2112
24617 2113
24819 2114
3508 2115
12641 2116
13068 2117
6642 2119
17277 2120
18209 2121
1157 2127
7726 2129
14870 2130
16334 2132
20316 2133
885 2135
2505 2136
17192 2137
5355 2139
6863 2140
15770 2141
23099 2144
12160 2147
19809 2148
4319 2152
12758 2150
22023 2151
5255 2168
10763 2171
11121 2172
16945 2176
21157 2177
11607 2197
19351 2198
9335 2203
25235 2204
2202 2206
2936 2207
10354 2208
17233 2210
18905 2211
21563 2212
24271 2213
6641 3305
24583 3316
352 2218
3996 2219
20533 2222
23513 2224
10526 2241
18189 2243
21438 2244
7999 2248
8868 2250
23304 2253
14972 2259
17158 2260
17162 2261
17403 2262
20149 2263
20519 2264
21389 2265
23912 2266
23918 2267
272 2269
11811 2271
11840 2272
19012 2273
20305 2274
22953 2278
23950 2279
8708 2818
23776 2770
232 2290
1075 2291
13481 2293
16742 2295
4451 2298
15205 2303
15666 2301
15667 2302
21031 2300
5130 2306
5353 2307
12722 2311
20184 2313
11611 2317
20779 2318
1024 2327
12552 2325
16513 2326
5227 2347
7015 2348
15194 2354
15623 2355
25094 2357
26067 2358
6190 2362
10656 2363
11002 2364
11403 2365
20106 2367
25610 2369
13621 3274
25388 1858
284 5228
6427 2384
16835 2383
18677 2385
21696 2386
25854 2387
2127 2405
16106 2407
17670 2408
19234 2410
19724 2411
12547 2419
14079 2421
21032 2422
25181 2424
11792 2431
16831 2433
3411 2434
4428 2435
20424 2441
9986 2450
11719 2451
3204 2453
25937 2457
5655 2464
13619 2465
18585 2466
3068 2469
5631 2472
16067 2470
19569 2471
16837 2485
18032 2486
6530 2492
6707 2493
22224 2497
7024 2505
9147 2506
17001 2508
17393 2509
18013 2511
12852 2530
16333 2531
2385 2541
5636 2542
17988 2545
20783 2547
1059 2554
11125 2557
1073 2569
19686 2572
20335 2573
2010 2580
2917 2581
6031 2582
8064 2583
20599 2584
17884 2590
20538 2591
11899 2606
19167 2612
23863 2615
1675 2616
3058 2619
11815 2617
23420 2618
9769 2624
15253 2629
22489 2633
23412 2635
25443 2636
12743 2645
21712 2646
13682 2653
16749 2654
26059 2655
16234 2670
17251 2672
18373 2671
20557 2669
14424 2687
19462 2688
500 2689
16754 2693
19612 2694
8374 2698
17465 2699
8730 2702
13177 2703
7452 1871
14346 4273
19244 4027
23989 4029
1966 2723
8048 2724
15717 2726
13683 2739
21203 2740
21778 2741
19710 2742
23225 2744
3683 2745
3845 2746
16963 2750
20650 2751
5415 2755
1862 2763
3194 2764
3532 2765
5400 2766
17934 2767
24129 2768
3875 4032
5427 2772
13529 2773
1028 2774
9924 2776
12262 2778
114 2800
2348 2801
6631 2802
4290 2805
8200 2808
12302 2806
21017 2807
1045 2811
6265 2812
2622 2813
6355 3315
7194 3317
20960 3604
7542 3211
15322 3212
18415 3307
4633 3213
11593 3214
16818 2981
23648 3501
2004 4854
21191 4852
1600 2835
21635 2837
16553 2844
16565 2846
8442 2848
10412 2849
3119 2852
19004 2854
8887 3403
6072 3883
1267 2864
18102 2865
1151 2866
2410 2867
6301 2870
18743 2873
22032 2874
22903 2875
23674 2876
24294 2877
24706 2878
25998 2879
4640 2880
19248 2882
1498 2886
3033 2887
2568 2894
4468 2896
9892 2901
10458 2899
11011 2900
13971 2902
18783 2904
20552 2903
20553 2907
23355 2905
25086 2906
25180 2934
25785 2897
95 2909
11109 2910
21562 2911
12260 2913
25491 2914
9126 2920
11610 2921
18558 2922
2190 2923
14933 2924
1109 2925
10655 2926
8476 2933
2143 3164
4254 3635
9337 3168
11944 2944
25784 2946
11822 2952
21016 2953
21169 2954
16107 2959
26171 2960
4139 2961
20002 2967
7584 2972
12049 2973
17382 2974
5062 3185
19881 3186
4712 2978
11017 2979
748 3248
17304 2985
18587 2986
3876 2991
12861 2994
17208 2995
21929 2996
12370 3000
16853 3002
4148 3006
9863 3007
4379 3012
6541 3013
8216 3016
7246 3033
17240 3034
1550 3037
20952 3038
4988 3040
17125 3041
24640 3425
4685 3424
15415 3427
24152 3249
7046 3047
14710 3048
15682 3049
16415 3050
17157 3051
23093 3053
16084 3065
19581 3066
6703 3074
12803 3075
15596 3076
17592 3077
25540 3084
5060 3088
1608 3089
20030 3090
2773 3091
6529 3092
6543 3093
24341 3095
834 3096
5570 3098
8726 3103
15196 3107
8871 3122
17090 3123
13684 3125
18283 3126
19301 3127
7093 3137
8000 3140
17395 3135
22375 3139
23419 3136
3752 3142
16900 3144
22246 3145
24174 3146
10467 4132
13175 4131
20892 3348
21816 3306
3188 3250
5830 3153
14371 3154
8206 3157
12865 3158
939 3165
1834 3166
5056 3169
13664 3167
14037 3170
16940 4172
19613 4173
3826 3172
19111 3175
17950 3252
18522 3253
6709 3666
18003 4067
5545 4068
2475 3190
3209 3191
15973 3192
21928 3193
24765 3194
19909 3195
23474 3196
1833 5190
8177 5189
12107 3546
4819 3547
7863 3548
8596 3209
13635 3203
17848 3254
4467 3395
6316 3206
17235 3207
3526 3210
15786 3829
1105 3396
14985 3979
29 3980
16751 673
9095 3218
12043 3220
18742 3222
22890 3221
26044 3219
866 3225
20173 3227
11566 4718
11808 4717
18560 4716
15249 5202
15624 5201
1322 3241
10925 3242
15195 3243
16068 3244
17467 3245
25674 3246
8441 674
16070 3285
16087 3340
19434 3341
23944 4047
24499 4050
7072 3256
18234 3259
15568 3266
17163 3267
22954 3268
1959 3271
9514 3270
9723 3272
2459 3273
6380 2976
9267 3278
22395 3282
18237 2977
1552 3287
9760 3289
10355 3290
13741 3291
10967 3293
16336 3294
20435 3295
20479 3296
16011 3299
22929 3300
22993 3301
7039 3303
12166 3304
13389 4035
15960 3526
18782 4062
6583 3314
15974 3528
17564 4036
23883 4063
4781 3318
19697 3319
4878 3321
5184 3322
8643 3323
11967 3324
21779 3325
24503 3326
24942 3327
7769 3333
17118 3335
17180 3379
18154 3380
6095 3344
7446 3345
25236 3346
5731 3347
2536 3349
16041 3150
10991 3353
19924 3355
5444 3364
13931 3365
21549 3366
4847 3367
10842 3368
6808 3370
17127 3372
23555 3376
25718 3377
3174 3383
6726 1611
6813 3381
20854 3385
12645 3386
16803 4028
5843 3388
11213 3389
25877 3390
7309 3398
8156 3399
20215 3982
21333 3983
5519 3401
5730 3402
15252 3405
26167 3912
4033 3412
23730 3414
2350 3418
25405 3419
887 4048
9634 4049
25321 3750
6075 3792
13932 3793
14499 3752
20345 3760
11617 3433
21029 3434
1611 3439
19877 3442
21638 3444
3507 3457
12419 3454
19313 3456
21755 3455
3594 3461
9968 3462
14652 3464
21592 3465
23713 3466
11034 3471
18764 3472
22433 3473
18171 4492
85 1612
5413 3566
6943 3479
22748 3480
1194 4478
21858 3567
5360 3486
19544 3487
4252 4458
24451 4459
23856 3914
16155 3494
20174 3915
10676 3493
24961 3492
2569 5001
5546 5000
2810 3507
18145 3510
21799 3511
1404 3514
2562 3515
11199 3516
200 3518
492 3519
6708 3520
8151 3521
9020 3522
9021 3523
9208 3524
9722 3525
16719 3761
16882 3527
17016 3608
17022 3529
19586 3530
19678 3531
24861 3533
1125 3534
8055 3537
8526 3540
9486 3535
11537 3538
18880 3539
18909 3536
21051 3541
23476 3542
5483 3611
18884 4149
22727 4150
23175 1610
21206 3574
25662 3575
123 3556
23240 3557
9094 4530
19061 4529
1968 3577
15942 3579
5402 4240
15947 3634
6081 3576
6919 3578
19358 4037
23616 3639
2144 3581
2774 3582
3055 3583
3652 3584
3766 3586
3814 3587
6388 3588
7096 3589
12423 3592
12885 3593
14808 3594
15173 3595
15999 3597
18942 3598
19705 3599
20250 3600
21030 3601
21825 3602
25108 3603
6807 4498
8864 3606
16235 4038
16280 3609
17137 3610
23810 3873
7878 3612
17575 3613
17683 3614
12266 3615
17134 3617
21436 3618
23488 3619
23915 3620
25575 3621
9988 3622
14620 3623
2119 2936
7637 2937
2044 3626
4490 3627
12644 3640
20528 3755
13483 3641
14711 3756
23623 3874
18097 3647
408 3648
13834 3649
16225 3650
26058 3652
5361 3653
11878 3654
18557 3655
380 3658
19996 3659
20078 3660
21131 3661
23859 3662
8437 3664
12071 3665
7011 3667
8702 3668
18159 1982
914 3671
1493 3672
2243 3673
3442 3674
3811 3675
5162 3676
18633 3677
16102 3703
22463 3705
5425 4314
2784 4309
16109 4310
16224 4022
21808 4308
24161 4023
6626 3714
10805 3715
25628 3717
13291 3735
20547 3736
20792 3737
7885 3965
19551 3739
22190 3966
9758 3741
2879 3743
1855 4551
5057 4552
5698 1983
11713 1984
6226 2388
14317 3971
6176 3765
15161 3767
20949 3768
1026 3772
1696 3773
2656 4295
14560 3972
24251 4025
16703 4033
13202 1985
22253 4026
4128 1986
5738 3787
6538 3789
12042 3791
17252 3794
18142 3882
16040 1987
1490 5163
20813 4056
252 3800
15418 3801
10640 3807
15247 3808
13521 3810
18784 3811
6076 3812
7311 3813
12615 3814
15163 3816
7247 3824
9459 3825
11829 3826
5417 3827
20513 3828
9103 4692
24877 3830
4199 4053
6443 4054
19932 4055
19936 4057
25864 4030
2118 4286
26132 4287
9994 4474
17276 4476
18383 4693
22283 4704
15824 4058
21195 3844
17864 3846
23417 3847
2043 3851
6315 3852
5156 3877
7483 2283
10904 2814
12707 2816
14282 4996
17933 2284
11035 4997
294 3950
8626 3949
11459 3890
6706 2381
8428 4001
10637 4006
18603 4000
21340 4795
4103 3871
12312 3872
17994 4796
26021 4069
369 3875
16433 3901
11502 3881
12158 3978
19256 2382
13675 4641
4186 4640
12616 3886
16266 3888
1822 3889
3773 3891
12887 3970
21695 3892
855 3893
4261 3894
7772 3895
10346 3902
15687 3903
19143 3904
19383 4623
10500 3907
17546 3908
22466 3909
25159 3910
17818 3911
23219 4070
23809 3913
9151 3973
25856 4138
13490 3920
19528 3921
22577 3922
25440 3923
5363 3924
253 3925
4634 3926
17122 3927
2259 4613
10317 4614
11816 4139
6448 4370
1346 4368
2136 3937
17453 3935
309 3933
2186 3941
6012 3938
10677 3939
11030 3940
13704 4583
17015 3936
25611 3944
20560 3945
21314 2817
1050 5170
17120 5171
9595 4753
6744 2820
6737 3951
6666 3953
17986 3954
21190 4071
1154 3957
12017 3958
8704 3960
17591 3961
12161 5024
19162 5021
4380 4072
16756 3149
22088 2821
4641 3151
17937 3148
21660 2822
357 3975
24960 3977
11903 3981
12157 2823
18597 2831
24210 4553
3825 4775
20893 4776
14771 5210
24127 2832
12689 3988
17560 3989
21697 3990
11626 3991
16941 3992
3849 3998
7506 4249
9312 4525
3988 4003
16348 4004
8728 3188
4017 4383
7888 4382
17291 4381
13035 4014
16110 4015
26130 4016
7638 3197
7648 3199
19871 3200
25526 3205
5542 4237
14747 4167
17463 4239
21550 4031
24220 4034
25179 4198
25553 4065
25554 4156
1879 3044
21548 3045
5182 3201
13311 3202
2762 4815
22378 4814
1669 3963
12703 3962
5260 4338
9597 3152
11820 4403
17019 4404
17121 3187
1613 4157
13992 4158
15217 4523
15665 3189
16154 158
21159 3204
2142 4437
13283 4241
24601 4505
1279 3229
14550 3230
19739 3231
20568 4108
17502 4109
17740 4110
2621 4075
2623 4076
3283 4077
3812 4078
3820 4079
4834 4081
5131 4082
6222 4083
6456 4084
6525 4085
7525 4087
8448 4088
9433 4089
12802 4090
13482 4091
13526 4092
14157 4093
14373 4094
15148 4095
17600 4096
17819 4097
17823 4098
17824 4099
18000 4100
18444 4101
22324 4102
24474 4104
26039 4107
312 3431
16545 3432
21149 3429
8263 4115
19126 4117
17882 4118
14135 4119
15388 5134
15387 5135
7524 4122
18685 4124
22083 4125
22129 4169
25387 4306
2750 4154
20668 3232
14149 4140
3750 4141
8147 4142
11616 4145
14662 4143
16648 4147
19560 4146
22199 4144
4750 4611
19147 4612
14843 4151
20569 4152
13832 3233
18613 4509
12612 4280
19208 4282
11279 4577
9832 4576
17750 4578
22976 4457
25609 3430
4704 4307
12695 4566
22487 3475
25891 3476
5083 5034
5084 5035
8711 5036
350 4388
951 3549
25676 3550
925 4654
8615 4655
4263 4187
5395 4188
6859 4189
11141 4190
18282 4192
18314 4193
15524 3477
1556 4447
11965 4445
14096 4446
23154 3484
5212 4203
6628 4204
19015 4205
25139 4207
7632 4449
14170 4448
20414 4450
11427 3485
9074 4219
12425 4220
17114 4222
20489 4223
7088 4224
7546 4225
1823 3491
22031 3502
3431 3503
18370 4389
19440 4567
10872 4601
2666 4602
24250 4629
9630 4253
16820 4255
14159 4721
5144 4720
24852 4722
8869 3505
18746 4263
22075 4265
93 4269
16608 4270
20328 4271
71 3506
3199 4727
19507 4728
12798 3551
14374 4336
19687 4337
915 4630
10438 3710
18624 3712
20558 3738
18066 4290
12787 4291
21621 4292
17343 4293
10684 4294
4018 4296
3964 4297
9414 4298
12640 4569
21101 4299
23480 4768
23652 4766
1048 4570
22235 4632
10338 2908
7523 4633
12458 4438
14844 3560
19378 2815
161 4520
97 4522
3105 4518
11418 4517
19583 4519
21821 4835
22719 4834
21684 4634
22720 3780
24169 3781
24816 4651
9871 4652
17179 4653
19598 4935
11216 4936
13815 4937
27 4339
11114 4340
18586 3561
19081 3783
24726 3831
3239 4341
11577 4343
2596 3042
23462 3624
23464 3043
25644 3708
15007 3625
17141 5196
11462 5197
5814 4714
17690 4715
4040 4356
11842 4358
3102 5057
12414 5056
18562 5058
24439 5059
14431 3782
20537 3785
20543 3786
21339 4618
1092 5054
3196 5053
23226 5055
24207 4373
1281 4374
3653 4375
10163 4376
12551 4377
17588 4378
18621 4379
9962 4894
2506 4891
10682 4892
22428 3740
6354 5230
15188 5229
3684 4387
5445 4390
19447 4619
20434 3838
9959 4423
6008 4422
20914 4421
1107 4942
6973 3784
12320 3865
12321 3867
19222 3864
1857 3839
3967 3840
4019 4597
5626 3855
24957 3856
8557 4707
8308 4708
21288 4709
26191 4710
12618 4414
18634 4417
1378 4751
7877 3832
3852 3857
11622 3859
15422 3798
2984 4425
8731 4426
187 4175
1821 4174
21386 4176
9027 2819
14153 3952
10133 4679
18218 3799
3067 4318
18721 3836
1668 4443
4835 4444
19443 3709
23492 3711
24708 3707
844 5119
890 3929
11197 3928
1916 4489
20953 4646
24463 4647
15706 4319
374 4316
20776 3837
20260 3842
19252 4772
3195 4773
24597 4861
17280 4461
2785 4462
19956 4464
7861 4258
2355 4257
12704 4259
194 4856
8628 4855
13387 4009
22048 4010
18366 4477
25217 3843
8146 4910
21028 4909
10897 4853
5548 3854
6159 4484
19554 4485
5577 5236
23881 5235
12387 4011
23554 4045
16800 3858
800 5033
13167 5032
15485 4288
4081 4502
13625 4503
24471 4504
1699 3833
25875 3835
3100 4354
18098 4353
19380 4858
1695 4859
9618 4400
11285 4401
12193 4402
4051 4362
21187 4360
21313 4361
26092 4363
21310 4364
11879 4365
22618 4526
24490 3860
25829 4527
25849 4344
3074 5087
23416 5088
6229 4869
6423 4867
7647 3861
10847 5061
10148 5060
11721 4545
12151 4546
15221 4547
6535 4549
6579 4550
25649 4289
25839 4586
510 4554
22285 3862
12290 4330
17307 4331
20031 4332
25 4798
22891 4797
28 5183
7916 5182
21515 4587
21523 4160
4656 4346
18196 4347
4265 4199
5267 4200
10559 4672
18245 4671
6389 4465
6914 4466
18279 4467
7468 4769
10002 4770
12041 4352
14384 4351
26042 3863
677 4161
4426 4180
4826 4588
26022 4590
6161 4348
7055 3866
19712 4420
21024 4162
8071 4163
17178 4164
23215 4181
2329 4182
24846 4215
16892 4216
19572 4217
21809 4925
15609 4926
1174 4250
2712 4251
21018 4274
5479 4275
16124 4565
20807 4564
24334 4563
8629 4252
16483 4323
7482 4591
15681 4592
20793 3884
6291 4324
17585 4725
15218 4726
7957 4521
18895 3885
14621 4326
19608 4327
19683 4322
21558 4366
22744 4367
15181 5101
2331 5100
17461 4452
188 4451
22920 4453
373 5027
21579 5028
10356 5005
19062 5004
4372 4328
10880 4391
7807 5211
11828 3930
10432 4799
5774 3931
16891 3932
2624 4345
24202 3946
15572 4440
7356 4439
8811 4579
22021 4580
2332 4660
18544 4661
16783 4899
15642 4900
17563 4901
12252 4042
22404 4041
9026 3947
18669 4670
19866 4669
25545 4408
8538 4409
7536 3986
7534 3985
1344 4681
18126 4682
4276 4677
717 3948
17865 4044
1376 4304
4267 4303
1560 4683
4365 4684
22000 4481
25136 4482
15259 4046
348 5093
5660 5091
15847 5092
16718 4392
25599 4393
11969 4890
1967 4889
18996 4405
15712 4644
19596 4645
1292 4701
6648 4700
10341 4699
14840 4702
19509 4705
19510 4120
17293 4740
15668 4737
25614 4738
26006 4739
10178 4711
24133 4713
3989 4410
17471 4121
10679 5068
115 5067
5268 5069
8671 4185
23757 4696
830 4694
16802 4695
1589 4320
7603 4186
23759 4513
15208 4512
5468 4730
5668 4731
6908 4732
8187 4733
18034 4734
19879 4735
25444 4736
3818 4943
3388 4944
6735 4945
23167 4946
13325 4315
14502 4317
20926 4743
5119 4874
10517 4875
6446 4917
8036 4918
7596 4749
11196 4750
19170 4201
4495 4758
8372 4754
11823 4755
15246 4757
16014 4202
20332 4759
23710 4760
5137 5085
6884 5086
1013 4411
19011 4406
2123 4407
20803 5173
6356 5172
25231 5174
1551 4805
8058 4804
2328 4218
8336 4562
24464 4260
4037 4433
25663 4434
8739 5107
13357 5106
25115 5108
25852 4276
3200 4877
4264 4876
17468 4878
25510 5083
3279 5082
25059 4788
25595 4789
7477 4790
22961 4792
12121 4435
13034 4454
6079 4806
19941 4807
15899 4499
16338 4984
21390 4983
82 5073
3844 5074
15688 4780
22692 4778
4955 5003
4954 5002
5409 5109
8623 5110
5839 5167
7026 5168
12192 5169
20883 4609
787 4610
12940 4312
4272 4675
2557 4676
4958 4828
10884 4830
16353 4832
2981 4636
4427 4635
6669 4472
9865 4473
7588 4399
7590 4398
3599 5047
14130 5046
5667 4845
14770 4847
23461 4848
21713 4850
25470 4851
14894 4812
1670 4810
22927 4811
3362 4985
3347 4986
16957 4987
2938 5037
18581 5038
21593 4836
22325 4837
18970 4914
2409 4913
3522 4915
4286 4916
4288 4321
2201 4500
16226 4501
5211 4941
11028 4938
21171 4940
22730 4939
1187 4657
6290 4656
13677 4779
18288 4777
23206 4514
15423 4674
18144 4673
17346 4515
20319 4516
782 4872
11539 4870
15227 4871
16655 4873
18151 4369
254 4539
7572 4538
20150 4598
22312 4599
25226 4596
5960 4862
8705 4863
11662 4864
14094 4865
19014 4866
24575 5166
8255 5164
14842 5165
4106 4594
7515 4593
17782 4595
18231 4741
18628 4771
17785 5012
15583 5013
24272 5015
25211 5218
11971 5217
7636 4511
12554 4510
4278 4479
18183 4480
25678 4929
1660 4930
3377 4931
25631 4933
1383 4934
822 4664
9518 4663
16358 4665
18238 5097
4777 5094
15396 5095
26180 4535
19064 4384
360 5048
2304 5049
7602 5050
8307 4555
5446 4947
5632 4948
10818 5141
11016 5142
25596 5143
19451 5158
9579 5159
16932 5160
6534 4385
11561 4386
22381 4424
1836 4886
8400 4887
23424 4907
8153 4904
15182 4905
16728 4906
22319 4908
8054 5076
24504 5075
7479 4972
2754 4977
5511 4973
7265 4974
10056 4975
13390 4441
2223 4690
4266 4688
20216 4689
16643 4969
20035 4968
6170 5071
8881 5072
16609 4442
8735 4650
25062 4649
8185 4615
16496 4616
9039 5145
11911 5144
21303 4825
734 4824
19221 5026
17470 5025
21949 5118
18194 5117
8558 4808
13717 4809
9224 4950
10154 4951
11410 4952
16830 4617
13031 4919
8738 4920
13334 4621
13620 4455
16312 4697
16314 4698
11991 4839
3186 4838
14182 5214
17537 5213
18036 4637
18338 4638
14175 5155
12307 5156
22980 5157
5387 4744
18156 4745
1983 4782
13012 4781
20943 4783
22311 4747
20084 4746
6576 5079
1621 5077
7109 5078
13486 5187
4259 5186
18688 5188
4630 5198
9921 5200
10672 4639
12512 4667
831 4784
11280 4785
15154 4537
14132 4456
8512 4686
25492 4685
25511 4687
4828 4764
5404 4763
24462 4556
11641 4460
14338 4767
22729 4487
19466 5014
7543 4953
24128 4955
11411 4627
24242 4626
5853 4561
5492 4560
9831 5008
12473 5009
18388 4761
20654 4762
1051 5043
4245 5041
25664 5042
16823 4742
5571 4893
19553 4895
25447 5133
15962 5132
19892 4857
18417 4488
4643 4921
20320 4922
14990 4620
25975 4536
8395 5023
8725 5022
11054 4980
14763 4897
4432 4898
20766 4995
11718 4994
15553 4581
15374 4582
1976 5127
23672 5126
12295 5136
9189 5226
2116 5221
9765 5222
9774 5223
12034 5224
17935 5225
12248 4557
98 4573
4181 5129
17992 5128
8409 5181
2248 5180
11579 5193
15073 5192
16922 4666
20925 4574
13415 4982
7585 4981
15386 5137
23772 5081
735 5080
74 5241
2298 5239
16129 5138
8717 5205
10638 5206
13558 5146
8669 5147
9038 5148
12213 5149
21710 5150
24888 5152
1969 4860
8472 4622
24141 4624
16971 5111
5228 5112
20170 4625
14339 5162
22816 4658
7280 4813
7267 4659
20309 4668
8891 4999
11893 4998
25667 4719
6776 5220
24733 5219
2334 5104
10180 5105
17587 4765
11215 5215
23156 5216
23970 4958
7718 4954
19502 4956
3748 5098
17503 5099
10602 5207
20805 5208
4038 5232
7058 5231
23811 4800
1878 4801
12338 4802
9130 4803
25095 4840
1010 5062
2749 5063
11642 5175
25230 5176
5256 4841
22827 4911
16015 5139
22938 5140
6701 5103
10407 5102
5406 4923
22435 4924
16340 4957
17851 5113
4366 5114
410 5130
9211 5237
13413 5238
19473 5131
23812 5194
24214 5195
4116 5227
25496 5122
19314 5120
19880 5121
25543 5123
26019 5124
26048 5125
24820 4967
20707 4963
5486 4966
8366 4964
5261 4976
6282 4965
12050 3942
5364 3853
14 3834
14171 1412
14845 3198
19521 1395
