17683 3614
10684 4294
17235 3207
1738 239
5083 4174
6748 2747
14599 931
7594 2201
24835 1957
18658 2676
22483 756
15668 4708
4427 4835
500 2689
6229 4535
3853 677
21205 1594
22320 1809
4490 3627
2119 3624
8336 4772
7525 4087
20766 5111
14542 715
21778 2741
22720 4323
16703 3783
14369 3330
18758 1126
6183 2344
1327 1020
2212 442
19810 3719
10561 4928
25784 2946
7727 3876
8553 770
12512 5059
11734 2372
15624 3233
15816 1008
6776 5170
1194 3484
113 3036
20086 3081
16107 2959
10896 887
2055 855
7541 2438
2789 1666
16106 2407
3409 638
23530 4148
24959 1958
8446 2043
20319 4890
19945 1013
20309 5166
8372 4754
12290 4555
13664 3167
7072 3256
14357 2528
4781 3318
2455 3848
4488 4051
19215 665
1280 1596
17585 4624
14709 1238
14079 2421
17956 1841
12691 688
1653 440
18143 718
16154 4057
25721 1970
11017 2979
8717 5144
20421 225
23912 2266
19446 1077
22309 3005
13802 5096
5209 1602
231 591
23464 4346
25201 131
1857 4403
23219 3912
22734 1425
22815 3102
8184 3906
9316 346
161 4315
10004 3357
18340 2892
17854 4532
15175 2719
20782 3413
19880 5223
16994 1177
25442 216
15805 2103
9986 2450
20775 3762
17113 35
6575 921
15422 4424
12703 4045
11719 2451
2526 2779
18746 4263
19454 2332
937 1
22378 4042
20853 1593
13325 4741
21550 4030
14746 1647
5446 4947
25569 2462
10499 4691
23064 3880
17825 3226
8523 2950
17252 3792
15850 2221
1969 5155
9099 116
24781 2782
25470 4851
13322 303
10555 2220
2410 2867
18030 3637
930 2321
18122 2794
19493 1440
6527 2016
2803 1502
16415 3050
18751 311
22325 4861
13970 2884
12696 3571
2339 3820
15206 2539
3804 2125
23841 860
6830 453
7584 2972
15416 1729
8449 3919
6465 317
8869 4260
3561 1529
9994 3838
15396 4940
12017 3958
10055 284
6390 1498
10552 2565
23812 5218
11713 3756
5571 5095
18924 106
16553 2844
25231 4768
18648 552
4775 1853
17127 3372
12122 4831
2004 2831
3872 671
19941 4798
5067 510
18875 1649
25729 2647
6009 1250
5408 893
2879 3743
6077 142
15388 4120
16155 3494
23084 4491
9800 886
26088 2189
7046 3047
2355 4466
19159 845
23038 353
15196 3107
18001 2329
12645 3385
2826 3156
9765 5122
16333 2531
20645 1705
8312 757
7475 2195
8932 796
16177 3087
21154 2943
23616 3579
4106 4913
20915 889
25649 4551
13190 939
15245 1068
18867 1816
22730 4873
3599 4840
6815 1844
17690 4354
15197 3774
14818 87
3878 3702
14894 4852
5055 1513
14550 4068
12842 1036
11026 420
13310 1566
15626 3727
6315 3852
11113 2661
26157 2678
10597 173
24127 3986
9649 771
22366 236
21191 2832
23683 1838
13684 3125
24219 1663
7355 2527
12742 2927
16607 705
17750 4162
15678 3616
5729 2596
3826 3172
18626 4993
17470 5003
81 1708
13992 4054
25977 3974
3655 3585
16937 1673
24939 233
4302 1548
6456 4084
1822 3889
16647 2631
2611 4243
25783 3298
4183 2998
2532 1977
9735 1137
14541 2062
16900 3144
3411 2434
14807 466
8920 1437
16278 3061
18736 1011
24431 964
21530 3468
18210 1258
18745 1125
3516 4412
5246 99
22487 4172
3188 3152
18866 38
18549 178
14620 3623
11893 5168
409 2513
10026 1178
10514 4267
3752 3142
23866 3570
9870 244
19451 4953
10081 3224
23771 5018
8887 2855
18415 2819
20258 1677
24220 4031
7719 2019
3430 2239
18036 5032
12739 1563
25852 4780
22848 890
8087 1088
17266 270
24614 2597
24463 4453
22837 567
21159 4058
15198 1709
11077 1155
1658 218
8231 1966
13291 3735
10445 3685
15311 1757
16770 33
21531 4359
8055 3535
4896 1396
2784 3708
7452 2710
24140 2289
18235 177
9413 4284
2654 97
17986 3953
18383 3840
16643 4983
1311 1894
5065 2092
18984 4432
19221 5002
3207 2333
19457 3378
21821 4320
1430 1896
19624 1308
1669 4044
8077 4606
8298 2673
20379 4822
21195 3844
8279 1845
4353 1917
11808 3230
1008 1615
19936 3834
7802 3371
4275 4195
934 489
21562 2911
5445 4388
18454 5020
25850 1142
6943 3479
23417 3847
21927 3713
16820 4255
4555 1297
869 1236
13067 1681
20879 1014
1498 2886
5661 4268
10358 2898
9066 2717
23266 2403
26042 4583
17823 4098
15688 4804
21409 2968
14351 1029
15372 4123
2949 431
4040 4356
5444 3364
16640 135
17157 3051
8374 2698
24816 4326
4875 2532
2409 4863
20148 1408
17850 361
2142 4062
6884 4762
374 4455
25516 1274
3682 4463
3186 5028
4650 3143
17794 949
23138 2054
24696 96
5712 328
25853 4558
22105 2423
11279 4160
26190 847
19170 4751
19892 5100
17277 2120
23673 2275
11718 5112
7069 1531
22827 5200
15244 333
17932 830
20008 50
14340 1801
6941 283
25866 51
16708 1329
22556 1315
11844 3745
18489 2443
12065 742
20320 5103
16620 4244
16696 610
12369 3173
24753 1914
5259 2526
4724 2335
16022 549
6635 144
23490 2839
2556 804
22285 4554
4289 2146
3450 2305
24504 4969
21171 4872
11093 1865
17304 2985
5175 1136
19553 5097
17248 1591
20261 3055
3185 3734
22379 993
25661 3758
24207 4373
14872 2131
24728 4040
15409 1124
16102 3703
12614 3806
8504 4126
10096 384
10884 4830
773 438
7647 4537
3818 4737
17414 422
11318 1929
10526 2241
1765 263
3431 4240
10990 4155
24932 1508
15596 3076
19911 4533
20169 1883
2133 441
3821 2830
14868 4868
15583 4919
5826 4335
24762 1747
19101 2053
16823 5094
6288 1939
17626 388
20255 3688
2420 1281
3772 4256
1556 4199
22075 4265
13490 3920
24334 4617
20538 2591
24819 2114
3916 2594
23304 2253
24453 337
6184 2916
24280 3039
19013 1293
23163 2743
4483 2958
12213 5149
4635 2226
9269 2360
23944 3253
18791 1716
13333 1622
11405 3106
1667 990
2623 4076
787 4814
20543 4366
16676 883
25758 488
16389 157
16393 4976
13 4748
14 5238
22 5152
24 4975
25 5237
26 5226
27 4974
28 5236
29 5235
16414 1324
45 118
46 77
16429 2380
16433 3875
62 262
65 4729
70 5241
71 5234
74 5240
75 5233
78 4973
80 5239
82 5232
85 5231
16469 2414
16470 5230
88 1016
16471 1385
16475 5199
93 5225
95 5198
97 4316
98 5229
16482 4193
16483 5191
16484 5228
16485 789
16486 5190
106 4967
16495 60
16496 5189
114 5227
115 5188
16498 4966
16505 5224
122 4752
123 5220
124 5187
16506 5209
16511 4965
128 4964
16513 5219
135 994
16521 68
16523 5217
140 1295
141 4963
142 4991
16543 1269
16545 5186
163 5179
164 403
165 207
16554 1774
178 454
179 5069
16563 4939
16565 2840
183 5216
16568 4933
185 679
16570 3877
187 5178
188 5177
16575 5151
192 4932
193 267
194 5215
195 168
16576 5214
197 5174
199 5173
200 3533
16584 736
205 5150
16589 5222
16590 1282
16594 6
214 4507
215 707
16598 4930
16608 5068
16609 5213
16611 10
232 5212
16621 4242
238 4929
16622 5019
16624 779
244 3141
245 5172
252 544
253 5067
254 5211
260 5221
16644 5210
16648 5208
16649 953
267 5058
16651 4916
269 5057
16654 1044
16655 5056
272 5148
16659 192
281 4302
283 5169
284 5207
16674 70
16675 5206
293 778
294 5205
299 4261
302 5167
309 5125
16694 3817
312 5165
315 5204
320 5147
321 5164
16717 4379
16718 5161
16719 5160
16722 29
339 108
16726 30
16727 164
16728 4915
345 366
16729 5203
16730 1795
348 5159
350 5158
351 708
352 5021
357 4914
358 5157
16741 159
360 5015
16742 5202
16743 5012
16747 5124
364 4912
365 5123
16749 4991
16751 5201
369 3878
16754 5146
16755 4946
372 5197
373 5196
375 5195
376 4245
16756 5156
379 5143
380 4945
16765 2351
16766 4944
385 1015
392 5194
16778 849
16779 5142
396 4908
16783 5141
400 5193
403 5192
408 5138
410 5185
414 5184
16800 258
16801 5183
16802 5137
16803 3381
16817 3621
16818 2815
16819 5136
16830 4943
16831 4941
449 2417
450 5182
16834 5119
16835 5108
16837 5181
16853 4938
16858 34
482 408
16872 1175
491 3934
492 3531
16876 40
16877 4918
495 4907
16881 3620
16882 3530
16886 4992
16888 4906
16889 5180
16890 5176
16891 5175
16892 5107
510 5106
16899 4905
16906 4904
523 5093
16921 1598
16922 5171
543 1473
546 5092
547 5121
16931 996
16932 4954
16935 4894
16940 3169
16941 5163
16945 5162
16946 4892
16953 4891
570 113
16955 4882
573 4893
574 5091
16957 5154
16958 5153
16962 5079
16963 5145
580 5078
16967 1364
16971 5077
16976 1590
593 1613
598 5140
615 86
17001 1237
17006 3742
624 109
628 5139
17015 5120
17016 5072
17017 5135
17019 5071
17021 5070
17022 3529
639 4377
17038 36
17039 4871
676 122
677 5066
17075 1464
17076 5134
17082 4271
17086 4866
17089 348
17090 5064
715 2044
17099 5133
717 5132
727 189
17114 5055
731 5131
17116 5065
733 5054
734 5130
735 5129
17118 5053
17120 5128
17121 5127
17122 5126
17124 1873
17125 4870
17126 1927
743 820
17131 4848
748 5118
749 5117
750 5050
751 5116
17134 1345
17135 5049
17137 4865
17141 5115
17149 4827
17156 4846
17158 1145
17161 5048
778 4845
17162 1159
17163 4832
782 4828
17172 4140
17173 5114
17174 5113
17178 4864
17179 4327
17180 5110
17182 5109
800 5043
17187 4972
17189 247
17191 5105
17192 4817
17194 2760
811 3619
820 5042
822 5041
17207 3638
824 114
17208 234
830 5036
831 5104
832 1796
833 5102
834 4778
836 4743
839 5035
844 5034
17228 1599
17231 5033
17233 4862
851 4756
853 1489
17237 5101
855 5099
17240 5031
17245 4739
864 5098
866 5023
17249 5090
17250 4954
17251 5089
880 357
882 4847
884 780
885 4740
17268 179
887 5022
888 4506
17273 4931
890 5017
17274 5016
17275 5088
17276 3839
894 101
896 1843
17280 4461
899 4738
17285 4380
17286 4821
17289 5014
17290 5087
17291 5013
17293 4707
17294 78
17297 4716
914 4363
915 1988
920 2337
921 1933
17306 793
17307 4556
925 5086
17308 4997
17309 5085
938 4996
939 5084
941 208
17330 362
17331 5083
950 301
951 4992
953 4710
17337 4985
17339 175
17341 5082
17343 4982
17345 4760
17346 4888
17359 3618
17379 3527
17382 4709
1000 555
17385 322
17388 4981
17389 1972
1006 4980
17392 4707
1010 5081
17393 596
17394 19
1013 5080
1014 344
17395 5076
17396 5075
17401 5074
17403 1162
1023 254
1024 4955
1025 5073
1026 4952
1028 180
1029 4951
17419 3830
17426 59
1044 443
1045 5063
1048 4703
1050 5062
1051 4950
17439 105
17440 4949
1058 948
1059 4701
17443 4376
17453 4153
1073 4699
1074 709
1075 5061
17461 4948
1078 4819
17463 5060
17464 4937
17465 25
17467 4678
17468 4936
17471 5052
17472 397
1090 4375
1092 4935
1093 4671
1098 1753
1101 1450
1104 4920
1105 5051
1107 5047
1109 1122
1116 1113
17501 2185
17502 4909
17503 5046
1124 4125
1125 5045
1149 3617
1150 4634
1151 318
17536 3565
1153 5044
1154 3957
17537 5040
17538 98
1157 4633
17543 297
17546 4759
1172 3276
1174 4901
17559 3328
17560 4632
17563 4900
17564 5039
17569 5038
1186 458
1187 5037
17575 1340
17580 1110
17581 5030
17583 654
17584 2085
17587 4899
17588 4374
17589 5029
17590 4889
17591 4888
17592 4885
17595 4570
17599 4884
17600 3869
1217 2338
17603 4757
17612 3615
1229 1465
1234 4124
1248 4569
1254 4568
1258 4755
1265 2906
1267 4742
17655 471
1278 3180
1279 91
1281 4378
17665 767
17670 206
1289 4567
1292 4566
1293 4074
17681 4122
17688 1417
17692 359
1310 170
17696 5027
1321 4596
1322 4879
1323 4878
17721 2620
1339 4816
17724 4877
1341 1699
1343 814
1344 5026
17729 4876
1346 5025
1347 5024
17731 3935
1350 5019
1353 2076
17738 1102
17739 4563
1356 12
17740 4869
17746 1930
17751 710
17754 185
17755 4867
1373 17
1375 4855
1376 5011
1378 5010
17764 85
1383 5009
1386 4547
17778 809
1403 3881
1404 4594
1405 4850
1407 4374
1408 997
17797 5008
17800 4546
17804 4545
17807 1045
17808 260
1425 856
1427 4842
17817 4528
17818 4527
17819 4075
1436 4526
17821 4829
17822 5007
17824 4077
17827 5006
17828 3416
17843 4748
17848 5005
17851 5004
17859 4519
17861 4820
17864 306
17865 5001
1488 988
1490 5000
17874 4308
17875 435
1493 2128
17878 1691
1497 4818
1499 1713
17882 4999
17884 2563
1508 252
1511 4517
1519 4504
1520 4292
17911 1467
17918 4812
17923 2775
17924 4998
1545 3525
1549 4571
1550 4503
1551 4995
1552 4994
17933 4990
17934 934
17936 4989
17937 4811
17939 4988
1560 4987
1561 4986
17944 166
1563 2087
17950 4984
17951 4979
17953 4810
17968 4130
1588 90
1589 4978
1594 4735
1595 4977
17979 411
17981 4799
1599 4971
1600 4796
17984 2566
17988 4970
1606 4734
17990 4502
1608 4795
17991 4792
17992 4968
1611 4490
17994 4791
1613 4053
17997 124
17999 4464
18000 4078
18003 4790
1620 3724
1621 4787
18008 4540
18013 2508
18032 4962
18034 4733
18037 4462
1656 4355
18042 4523
1660 4520
1662 4783
1668 4782
1670 4853
18051 2587
1672 4509
18052 4447
1674 133
1675 4961
18065 620
18066 4446
18067 4960
1685 73
1694 20
1695 4959
1696 4781
1699 2783
18088 3094
18091 4445
18094 4779
1711 3084
18095 711
18097 287
18098 4958
18102 4508
18105 4777
18109 396
1727 878
1728 4505
1736 3955
18125 4415
18126 4957
18140 1002
18141 4408
18142 3787
18144 4956
18145 4776
18151 4942
18152 4934
18154 4927
18156 4926
18158 4381
18159 4925
1776 995
18160 4378
18161 4924
1782 4775
1787 4067
18171 4770
18174 4461
1793 4766
1796 4764
1798 4736
18182 342
18183 4923
18185 722
18189 4922
18193 4731
18194 4921
18195 2881
18196 4362
1817 4730
1818 4360
1821 4732
1823 4917
18208 644
1825 4722
18209 332
1829 3816
18215 3775
1832 4347
1833 4721
1834 4720
18217 4427
1836 4911
18218 4910
1838 4718
1839 2769
1840 89
1841 257
18222 4421
18225 1046
18227 4361
18234 3259
18237 358
1854 13
1855 4717
1858 712
1859 4713
1860 4903
18245 4902
1862 999
18246 4344
18250 4712
18256 2711
1877 1898
1878 4711
1879 4898
1880 4897
18271 2684
18275 4896
18276 4355
18278 4895
18279 4696
1896 2050
1897 4695
18282 4322
18283 808
18286 1421
18288 4694
1908 4246
1910 340
18297 3814
1914 4340
1915 4887
1916 4451
18299 2097
18314 4190
1941 282
18331 202
18337 2656
1958 1309
1959 4693
18344 4886
1962 3776
1963 4692
1966 4309
1967 4690
1968 4883
1976 4881
1981 3677
1982 4307
1983 4689
18365 3524
1985 176
18366 4880
18370 4339
18373 4337
18375 4875
1992 4874
1995 1048
18379 2834
1997 368
18381 183
2001 4306
2003 4688
18388 4860
18390 4859
2009 3813
2010 4305
18396 2089
18397 3025
18398 4298
18399 4858
18408 2579
2042 1899
2043 3850
2044 2511
2047 264
2049 4686
2054 4702
2059 4857
18443 2482
18444 4079
18445 4856
18447 4670
18453 1074
18455 4854
2072 273
2073 4297
2074 4669
2075 4296
2076 4667
18457 4853
2080 4665
2081 4849
2085 4336
2087 3812
18487 434
18488 4321
2115 2674
2117 4844
2118 3831
2120 4843
2123 4841
2124 4839
2127 4838
18511 235
18517 2598
2136 4664
18521 4291
18522 4837
18524 356
2143 4836
2144 3314
2155 782
18540 3523
18543 645
18544 4663
2165 1718
18552 4662
2169 3063
18557 4661
18558 4834
18560 3229
18562 4290
2182 871
2184 4279
2185 1614
2186 4833
2190 4313
2193 3790
18579 3105
18580 4660
18581 4826
18582 4825
2200 4311
2202 4282
2203 4824
18585 3789
18586 4823
18587 2982
18592 4700
18595 4651
18597 4815
2215 4270
18600 4280
18603 4813
18605 4809
2222 4542
2223 4647
18608 4646
18612 4278
18613 4245
18619 300
18622 4643
2239 4241
18623 4808
18624 4055
18625 4807
2243 3676
18628 4806
2247 4805
2248 4803
2249 23
2250 111
18633 3674
18634 4413
2255 1637
2259 4802
18649 713
18667 2677
18668 2566
18669 4639
2287 3522
18676 1368
2293 341
18677 4638
2295 4801
18681 428
2298 4637
18684 4259
18685 546
2303 2792
2304 4249
18688 4630
2306 2042
2307 4629
2309 393
2316 4229
2326 1719
2328 4800
2329 4623
2331 4797
2332 4621
2334 4619
2335 4618
18719 459
18720 4227
2338 1049
2340 4226
2341 200
2342 4217
18721 4794
18723 4225
18724 4192
2348 4793
2350 4616
2352 4789
2356 4788
18739 4220
18741 3673
18742 807
18743 2866
2368 269
18757 2964
18764 4191
2385 4189
2386 4615
18771 2793
2388 4188
18772 4786
2394 4524
18778 1075
18782 4438
18783 4612
18784 4785
2404 636
18788 4219
18790 628
2443 1327
2449 1047
2450 479
2451 4784
2452 2129
2457 2091
2459 4774
2465 4207
2474 4187
2475 4169
2476 4431
2485 4611
18870 4437
2487 4773
2490 4436
18879 487
18880 2199
18884 4602
2501 1192
2503 4167
2504 4601
2505 4166
2506 4600
18894 436
2511 2708
2512 4165
18895 4771
2515 4769
2516 4152
18899 4416
18904 4314
18905 4599
18908 4767
18909 4765
2527 4598
18910 4597
18913 4151
2530 1052
2535 1053
2536 80
18920 2060
2557 4763
2558 4590
2559 4146
2560 2563
2561 4761
2562 4206
2563 1722
18940 1676
18941 4589
2566 4141
18942 3581
2568 4310
2569 4758
18946 4753
18952 2093
18971 187
18972 4750
18973 4137
2591 3787
2592 4588
2593 4749
2596 3952
18983 497
2607 2296
18995 4205
2613 4587
2614 4586
18996 4578
2620 2891
2621 4080
2622 4747
2624 4746
19004 4577
19011 4576
19012 4281
2630 4269
19014 4204
19015 4203
19018 4572
19019 92
19022 385
19023 4745
2655 4744
2656 4565
2661 1194
2664 4728
19048 2182
2666 4564
19051 4727
19052 4726
19059 3763
19060 4725
19061 4724
19062 4723
19064 4719
19078 4133
19080 4132
19081 4168
19084 4264
19089 4261
19090 727
19093 1634
2710 336
2712 4553
2713 4131
19102 4715
2720 4110
19107 3692
19109 4190
19110 4714
19111 3175
19114 967
2741 461
2742 4706
19126 4552
19131 4705
2749 4704
2750 4698
2752 4158
2754 4157
19140 1259
19143 4028
19144 4156
2761 416
2762 4041
19145 4697
19146 4016
19147 4548
19149 4687
19150 951
2770 4129
2771 4128
2773 3952
2774 3582
19161 4113
19162 4685
19164 4065
2783 4544
19167 4684
19168 314
19179 3671
2797 3099
19184 1003
2805 4543
2806 4541
2810 4015
19204 2500
19206 4014
2823 4064
19207 4013
19208 4063
19216 292
19219 412
19222 4531
19223 4683
2846 2420
2848 4518
19233 4001
19234 4682
2851 4516
2852 1964
19244 4681
19246 888
19247 4680
19248 4000
19252 4679
2870 377
19256 4677
19257 4515
2877 1735
2883 4514
2912 2187
19297 536
2915 3999
2917 4501
19301 3126
2922 3998
2926 4500
19313 4499
19316 4059
2936 4676
2938 4675
19324 1641
19325 3996
2950 4674
2952 437
19340 1948
2959 914
19350 298
19351 4055
19355 4673
19356 4672
19358 4496
2980 593
2982 486
2984 4492
2991 4489
2993 3944
19378 3943
19379 4668
19380 4666
2997 3990
19383 3989
19387 4053
3006 1241
3007 4486
19404 2986
3032 3331
3033 2709
3034 4485
3037 4484
19423 444
3048 2888
19433 1012
19434 4659
3052 3942
3053 4658
3055 3583
3056 3988
19440 3987
3058 4476
3059 3978
19442 4034
19443 3939
3062 4474
3063 480
19444 4033
19445 4657
3066 3628
3067 4656
3068 4655
19447 4470
19450 4654
3073 4653
3074 4652
3076 4007
19462 3940
19463 1132
19464 4469
19466 4465
19469 4454
19475 868
3096 3117
3099 3938
3100 4650
3102 3926
3105 4317
19489 1051
19495 4649
3113 686
19501 3981
19502 4452
3119 4451
19507 4450
19509 4648
19510 4645
19517 2840
3136 3977
19520 4493
19521 4449
19525 3925
19527 3976
19528 3921
19544 4644
19545 117
3164 3552
19548 4448
19551 3921
19554 4444
3171 4642
3173 4641
3174 4640
19557 4443
3178 3936
19562 1825
19568 3975
19569 4636
19572 4435
19573 714
19575 4635
3193 3308
3194 1035
3195 4631
3196 4628
3197 1294
19578 4627
3199 4626
3200 4434
19580 3967
19581 4625
19583 4318
3204 3509
19585 4433
3206 4429
19586 3521
3209 4428
19596 4622
19598 4426
19603 3959
19605 4425
19607 3924
19608 4423
19609 608
3228 1438
19612 3508
19613 3170
3231 2879
3239 4422
3243 294
19640 110
19641 4419
19642 3309
19645 1054
3265 2675
19657 1441
3279 4620
3280 4418
3283 4081
3286 3071
3291 3918
3292 4614
3293 4417
19675 2190
19677 2094
19678 3520
3297 3917
19682 232
19683 3911
19686 3904
19687 2869
3310 2097
3312 3903
19697 43
3316 4414
19703 1202
3321 181
19705 3584
3323 929
19707 1952
19710 3902
19711 1089
19712 4613
19723 3901
19724 2408
3345 2238
3347 4610
19738 3877
19739 4407
19741 3875
3362 4406
3372 445
3377 3853
3383 784
3386 210
3387 1797
19781 1712
19783 4609
19784 4405
19791 94
3412 3898
19801 4608
3418 3779
3420 299
19806 737
19807 4404
19808 3675
19809 3882
3441 402
3442 3512
3449 4402
3451 4607
3452 4401
19865 505
19866 4400
19870 2401
19871 4395
19877 3777
19879 3754
19881 4605
3501 3603
3502 2482
19890 3446
3507 3879
3508 946
3511 4393
19895 3913
19900 3910
19903 4604
19906 4603
3524 1597
19909 4392
3526 4391
3532 1040
3534 2098
19922 3722
19923 125
19924 4595
19927 3909
3547 2887
19931 4494
19932 3832
3553 4390
19939 1055
19940 4389
19954 467
19955 139
19957 1798
19961 447
19962 4387
19964 3707
19974 3908
3593 1741
3594 3907
3595 3892
19978 3872
19980 2797
3607 4383
19992 554
19996 3871
19997 4593
20000 1651
20001 4592
3618 646
20002 3878
20003 3868
20004 979
3630 2775
3631 4591
3632 970
3633 4382
20014 1669
20030 3329
20031 4557
20033 3850
3651 345
3652 3586
3654 3864
20046 2691
20052 1483
20053 4585
20059 3313
3677 2665
20062 3846
3679 3828
20064 4372
3681 3827
3683 4584
3684 4371
3685 4368
20065 4367
20066 4582
20078 3826
20084 4581
20089 3825
3716 971
20100 869
3718 4365
3719 507
20101 550
3721 4364
20106 4357
20108 448
3725 3845
3730 418
3731 112
20116 449
20119 872
20122 3835
3743 2662
3744 4350
20129 833
3748 4580
3754 3824
3765 3198
3766 3587
20149 2259
20150 4343
20155 4342
3773 4579
20157 4341
20168 947
20170 4330
20173 4328
20174 4575
20182 2183
20184 3833
20191 3818
3811 2130
3812 4082
20196 4327
3814 3588
3819 4574
3820 4083
20207 1443
3824 4085
3825 4324
3827 3797
20215 4319
20216 4316
20217 3796
3839 119
3843 2875
3844 4573
3845 4562
20229 1856
20230 63
20231 3793
3849 3788
3850 4561
3851 4560
3852 4295
20233 4559
20236 3769
3858 2400
20243 3832
20248 4293
20250 3589
20253 4289
3873 4288
20257 3768
3875 4557
3876 3749
3877 1277
20260 4556
3890 302
3909 1899
3910 4550
3917 3748
20303 2574
20305 3700
3922 1342
20307 1090
3927 4287
20315 928
20316 2133
20317 4549
3937 3831
3939 716
3944 3741
3946 4539
20331 4538
3948 21
20333 4536
20335 3739
3953 3795
3955 3737
20341 4534
20344 3736
20345 4286
20346 1080
3964 3730
3965 4275
3967 3216
3977 1512
3980 4266
3982 4530
3983 1897
3988 4529
3989 4525
3990 1648
20373 1471
20375 1840
3996 3689
3998 3729
3999 4522
4000 4521
20383 3687
20391 1846
4013 137
4015 4262
4017 4258
4018 4257
4019 4254
4021 4253
4023 3720
4027 4513
20414 3717
4032 4252
4033 3412
4034 4251
4036 3715
4037 4250
4038 4246
20422 4242
20424 3742
20427 3731
4046 4512
20432 3683
20434 4238
4051 3714
4052 4511
20435 4236
4068 1319
4069 4510
4080 1654
4081 4196
20478 1106
20479 4235
4102 1754
4103 3711
4104 3705
20489 4232
4110 4231
20495 4230
4115 3652
4116 4498
4117 2593
4125 3544
20511 310
4128 4497
20513 3709
20515 4495
20517 364
20519 2264
4138 4224
4139 3704
4141 3691
20526 4223
4143 3369
20528 4494
4146 2878
4148 4222
20532 514
20533 3698
20534 304
20536 4216
20547 2078
4164 452
20550 4493
20552 3679
20553 4215
20554 4488
20557 4487
20560 4214
20562 455
4180 1209
4181 4483
4182 3696
20567 1700
20568 4212
4186 4482
20569 3686
4189 4211
20574 1057
20576 1058
4195 3543
4196 4481
4199 3836
20587 3401
4211 433
20595 321
4213 1702
20597 4209
20599 3680
20613 2538
20616 4196
20618 3670
20620 4480
4241 558
4242 4183
4245 4182
4247 3660
4249 4181
4250 3659
20635 457
4252 4479
20636 4180
4254 4478
4255 3442
20641 4176
4258 2601
4259 4175
20644 429
4261 4477
4262 4475
4263 3658
4264 4173
4265 3642
4266 4170
4267 4473
4269 3633
20647 3569
20650 4161
4272 4472
4273 2524
20654 4471
4276 4468
20660 1091
4278 4467
20662 517
20663 3542
20664 512
4283 3536
4284 4150
20667 4460
20668 4459
4290 4458
4293 3507
4298 3657
20683 3141
4301 2639
20702 1009
4319 3504
20707 4457
20716 2012
4351 2957
4354 2013
4355 1056
4364 2099
4365 4456
4366 4442
4372 4149
4376 3629
4377 3626
4379 3474
4380 4144
20765 3539
4382 4441
4383 4440
20772 3473
20774 481
20776 4439
20779 2317
20780 2014
20781 4143
20783 3472
20787 3394
20793 4431
4416 2869
20805 4430
4422 2523
20806 1538
4425 3440
4426 4135
4428 3471
20808 1616
20813 4420
4431 3613
4432 4413
4433 4134
4442 2593
20827 1374
4446 3612
4451 4127
4458 2309
4466 3352
4467 4411
4468 4117
4469 4410
20850 305
4472 3610
20854 4115
4484 991
4485 4112
4493 2010
4495 4409
20884 4109
20886 4108
20892 3150
20893 4072
4511 462
4512 717
4513 465
4515 799
20902 3609
4525 1225
20914 4071
20925 4399
4550 2112
20934 3397
4552 3465
4554 4070
20940 3336
20942 3464
20943 4069
20947 3462
20949 3458
20952 3455
20954 4067
20956 4398
4575 1953
4576 4397
20959 4396
20960 4066
4583 3454
4588 3332
4624 2489
4625 4394
21012 468
4631 3453
4632 532
4633 2820
4634 3451
21016 4386
21017 4385
4638 4384
4639 2100
4640 3450
4641 4061
4642 4370
21024 3607
21027 4049
21028 4369
21029 4358
21030 3590
21031 4048
21032 2412
4656 3448
21048 3319
21051 3606
4673 2196
4685 3445
21075 1902
4697 958
4700 4038
4702 4037
4703 1799
4704 3444
4705 3672
21089 1905
21090 3439
4708 3438
4712 2978
4713 95
21100 3082
21101 4353
4727 3555
21125 2342
4743 307
21130 3381
21131 4352
4748 312
4750 4026
4755 1060
4756 3437
21142 4025
4759 4023
4760 4022
21144 4351
4765 761
4766 188
21149 3429
21152 547
4771 3308
21156 3425
4773 2875
4774 3541
21157 4349
21158 1935
21162 1033
4782 1954
21165 4019
21167 383
21169 4348
4793 2842
21177 3420
21178 1059
4798 2642
21184 3414
21187 4018
21190 4011
21194 4345
4814 2196
21199 4010
4819 4009
21203 2740
4822 4006
21206 4338
4825 3266
4826 4002
4828 3997
4834 4086
4835 3995
4836 4334
21220 2881
21221 3991
4846 450
4847 1521
4868 1968
4870 1134
4877 1503
4878 3983
21281 472
21287 2589
21288 4333
21289 3982
21293 3972
21297 3971
21303 4332
21309 3538
21310 4331
21313 3412
21314 4329
21315 4325
21316 4318
21317 3969
21321 3177
21322 4317
21324 3375
21333 3968
4952 1239
4954 4312
4955 4304
21340 3966
4959 4303
4960 3965
21341 392
21344 3369
4966 3408
4967 3961
4975 1821
4983 3960
4988 3393
4989 3516
21379 473
21386 3957
21389 2260
21390 4301
21391 3956
21401 3515
21404 3954
21407 1153
21432 1131
21433 2370
5052 259
21436 1852
21438 4300
5056 3951
5057 3945
5059 3467
5060 4299
5061 4285
5062 4283
21450 3361
5078 2586
5081 4277
21466 3134
21468 3389
21469 3388
5087 3933
5107 2199
21491 1156
5109 672
21495 3307
21497 1128
5116 3286
5119 4276
21508 474
5125 3387
5130 3514
5131 4088
21515 3929
5134 475
5136 3923
21523 3922
5143 3905
5144 3900
5156 3275
21543 875
21544 4274
5162 3110
21546 4273
5164 3488
21547 1061
5166 419
21548 4272
21549 3899
21554 4248
5172 2096
21558 3386
21560 3897
21563 3888
5181 3470
5182 3887
5184 3377
5194 3236
21579 4247
21583 3466
21584 3886
5202 3368
21587 352
21588 4239
21592 3367
5210 1062
5212 3461
21596 3874
5216 3365
5218 3873
21608 2373
5225 3121
5227 3360
5228 3870
21613 3359
5230 3867
5231 4237
5232 3865
5233 3857
21614 3856
21615 4234
21621 3116
21623 4233
5240 3082
5241 4228
21629 3099
21630 3855
21634 4221
5251 3078
21635 3851
21638 3358
5255 3849
5260 4046
5261 4218
5262 4213
21646 2231
5266 918
5267 3346
5268 3841
21650 3090
21653 930
5271 3452
21657 261
21658 4210
21660 4208
21663 3839
21665 3441
5287 407
5302 2857
21695 3384
21696 3829
21697 3344
21699 3338
21705 3325
21707 3323
21708 3322
21712 3822
21718 3067
21723 1537
21727 3819
5346 174
5352 2595
5353 3376
5355 3815
5359 3809
5360 4202
5361 4201
5363 3370
5364 4200
5365 4198
5366 3808
5367 3362
21754 1107
21755 4197
5385 781
5387 4194
21771 3062
21772 3309
5392 2436
21776 313
21777 3807
5395 3304
21779 3303
5400 2697
5402 4186
5404 3804
5406 4185
5407 120
5409 4184
5411 3292
5412 2017
5413 4179
21798 584
5415 4178
21799 3785
5417 3283
21800 3354
21806 3053
21809 4177
5427 4171
21811 3782
21814 3781
21815 1619
5432 4164
21816 3780
5434 3351
5435 3282
21823 3279
21824 513
5441 1413
21825 3591
21830 3278
21831 3268
21832 141
21847 476
5464 3049
5465 3267
5466 4163
21848 1800
5468 3194
5469 2785
21853 2780
21858 3485
21860 566
5477 3776
5478 3264
5479 4159
21861 2018
5481 3775
21864 3260
5483 3773
21866 4154
5485 3259
5486 4147
5488 3179
5490 4145
5492 4142
5497 3255
5503 3349
5505 3245
5510 2900
5511 3348
21910 2851
5529 3345
5533 3772
5541 272
5542 4139
5543 3243
5545 4138
5546 4136
5547 3242
5548 4121
21928 3235
21929 873
21930 1955
21931 2607
5555 55
21943 998
21944 3324
5564 2070
21949 4119
5570 3221
5575 2786
5577 4118
5578 585
5579 4116
21968 42
5597 577
5601 2343
5602 3767
5605 576
5606 3766
5608 3317
21994 1147
21995 3765
21998 3277
22000 4114
5621 315
5622 3761
5626 3760
5629 2735
5631 3759
5634 3757
22018 1924
5636 4111
22021 4073
5639 1212
22023 4060
22028 2862
22031 4056
22032 2870
5655 2576
5656 3265
5659 3215
5660 3753
22046 1386
22048 3752
5667 3193
5668 3159
5672 3751
5673 3262
5674 4052
22074 2066
5695 1384
5697 4050
5698 4047
22082 1535
22083 548
22087 3190
22088 4046
22100 690
5717 1578
22109 3750
22110 4043
5730 4041
5731 3203
22119 3182
5739 3247
5740 4039
22129 3181
22144 1243
22149 4036
5767 3237
5769 1230
5771 2899
5773 3216
5774 4035
5787 2525
22177 828
5794 3178
22184 920
22188 2491
22189 3747
22190 4032
5809 3746
5812 1490
22197 3203
22199 4029
5827 4027
5829 4024
5830 3744
5835 3048
5838 3738
5839 3733
5840 3728
22224 3097
22225 3726
5843 3170
5848 3183
5849 3169
22233 2858
5851 3148
22235 3146
5853 4021
22239 3176
22242 2060
22244 4020
22245 4017
5862 3310
22246 3145
22253 3784
22254 4012
22265 2501
22269 3171
22275 371
22278 3145
22283 4008
22284 2020
5901 2640
22290 3725
22299 3004
22311 4005
22312 3718
5934 2440
22319 3160
5938 1600
22321 211
22324 4089
22336 1416
5953 1362
5957 143
5960 3150
22369 2304
22371 4004
22372 3716
22375 3139
22376 3118
5993 2877
22377 1680
5995 2247
22381 4003
22382 3994
6008 3712
6010 3710
22393 3093
6012 3092
22394 3699
22395 3132
22404 3695
6023 372
6024 3694
6030 3104
6031 3693
22415 1139
6033 3019
6037 3993
22421 477
6039 3992
22423 1802
22426 766
22428 3985
22433 3127
22435 3984
22436 3690
22439 3126
6056 1942
6064 2987
6072 2856
6073 3682
22457 588
6075 3120
6076 2982
6078 3980
22462 3058
6081 3665
6082 3979
22463 2235
22464 3112
22466 3073
22476 1108
6094 1121
6095 3108
22489 3098
22497 3068
22502 3096
22504 1063
22507 762
22523 1938
22527 515
22528 3664
22530 3655
6154 2555
6156 1064
6158 3058
6159 3651
6160 1534
6161 3973
6170 3650
22555 1557
6172 2945
6176 3648
6179 478
6185 3970
6190 3031
22574 2373
22577 3646
22598 2187
22599 3645
22601 719
6218 2756
6219 3083
22603 3643
22605 3964
6222 4090
22609 3080
6226 3641
22610 3029
22611 3636
22618 3015
22620 3631
22621 3074
22644 1769
22645 3963
6264 1750
6265 3962
6266 3072
6271 2101
6282 3950
6290 3949
6291 3630
6300 3948
6301 2872
6303 3622
6307 3947
22691 482
22693 3071
22696 3611
6316 3946
6317 3004
22699 1163
6337 1793
22721 2754
22722 2718
6340 1066
22725 2986
22726 3064
22727 3608
22728 3941
22729 3937
6351 1133
6354 3932
6355 3605
6356 3931
22738 3052
22741 2022
22744 3043
6364 2757
22748 2389
22758 2157
6375 3091
6376 3604
6380 3930
22765 3578
22766 3042
22770 3928
6387 2102
6388 3592
6389 3576
22771 3927
22778 1898
22779 439
22790 1770
22791 3572
6408 1402
22793 720
6411 2549
22798 2908
6421 2897
22806 3070
6427 2799
22811 3562
6431 3559
22816 3916
6434 1586
6442 2842
6443 3837
22826 3063
6446 3915
22830 3406
6448 3914
22831 3041
22832 3558
22834 2789
22836 3040
6455 3896
22839 3038
6468 2781
6482 2876
22876 1768
6494 2787
22879 3020
22887 485
22888 3895
6506 2967
22890 1533
22891 3894
22894 3554
6512 1067
6513 3549
22899 1164
22900 3893
22901 4091
22903 2873
6524 2780
6525 4092
6529 2993
6530 3037
6532 768
6533 3021
6534 3891
6535 3890
22917 1184
22920 3548
6541 3017
6543 2895
6544 2023
22929 3885
22937 604
22938 3884
6556 2758
6558 1918
22951 2261
22953 3547
22954 3016
6576 3546
22961 3539
6579 3883
22964 3014
22966 2961
6583 3593
22975 2894
22979 2956
22980 3532
22989 2888
22990 3528
22993 3866
6610 635
6611 146
6627 3013
6628 2951
6629 3863
6631 3862
6632 3012
6638 2758
6641 3861
6642 2119
6648 2862
6667 3002
6669 3860
6675 1850
23063 3526
23066 3000
23068 2932
6700 316
6701 3859
6702 3858
6703 2994
6706 3854
6707 2991
6708 3519
6709 3843
23092 2989
6711 2974
23093 1703
23094 3842
23095 623
23096 825
23099 3517
23107 2699
6724 2464
6726 3837
23110 2456
23114 1189
6732 2784
6737 3511
6738 3836
6744 3823
6746 2515
23134 1433
23135 3821
23137 3510
23145 2973
23149 2634
23151 212
23153 3499
23156 3811
6774 590
23161 2402
23168 2965
23175 3497
23186 2733
6804 1307
6806 3496
6807 3495
6810 2963
23204 2182
23206 3492
6823 2868
6824 763
6825 3490
6828 3810
23214 2931
6832 3805
23215 3489
6835 3803
6838 2774
23224 2962
23225 2957
23226 3802
23227 3801
23233 2455
23240 3800
6857 2759
6858 2949
6859 2942
23241 2105
23246 2728
6863 3483
6864 3482
23248 3799
6867 3480
6868 4093
23256 1435
23264 3798
23267 3794
6888 2926
6891 2732
6892 721
6895 3791
6896 1251
6904 2924
6905 938
6907 518
6908 3478
23293 639
6911 2925
6913 3786
6914 3475
23297 2843
23298 3463
23299 3784
6919 3778
6920 2921
23300 2923
23302 1687
23303 2920
23306 2917
6934 3518
6944 2903
23344 2334
23346 3771
6963 587
23351 2231
6971 2893
23355 2919
6973 3770
23363 647
23382 427
23383 213
23385 3764
23387 3460
7007 1271
7010 2905
7011 3755
23394 1655
7013 2095
7014 3459
7015 2890
23403 538
7023 1824
7024 1006
7025 3740
7026 3456
23409 3443
23412 3732
23416 3723
23418 3721
23419 3706
23420 3701
7038 3436
7039 2067
23423 2815
23424 2885
7042 1154
7050 1140
7055 3697
23441 2143
7058 3432
23452 642
23454 3684
7071 2887
23458 2865
23461 2882
23462 3681
23465 3678
23470 2697
7087 2461
7088 3431
23471 3427
7090 1604
7091 2880
23474 3424
7093 3422
7094 3669
7095 755
7096 3594
23476 2868
7098 2861
23477 3419
23480 3668
23481 2804
23485 2394
7103 3667
7104 769
7105 859
23492 2859
7109 3418
23506 1760
7125 1793
7126 3406
23509 2853
23511 2864
23513 2860
23514 2024
23529 2590
7154 1959
23552 2559
23558 2846
23559 2850
7188 539
23576 2845
23577 127
7194 2821
7197 1069
7204 950
7206 3666
7209 543
23614 1435
23620 2841
23621 3663
23622 3662
23623 3405
23628 648
7245 2436
7246 3404
7247 2847
23637 772
23647 2156
7264 2454
7265 2796
23648 2822
23649 128
23652 3661
23653 3656
7277 2174
7278 3654
7281 1646
23665 1717
23672 3653
23674 2874
23681 2694
23686 3649
23687 3647
23689 2834
7307 1442
7309 3644
23693 1582
7311 2693
7317 2718
7324 1640
23708 1907
23712 1070
23713 2793
23714 3399
23720 2011
23721 2829
23723 2118
23727 3640
7350 740
7356 3639
7357 2026
23741 2783
23751 2791
23757 3398
23758 1645
23759 3635
23760 3634
7383 1201
7384 3392
7386 3390
23770 1960
23772 3632
23775 3383
23776 3625
23786 3382
23805 1890
23806 2827
23810 3374
23811 3366
7442 2115
21018 3580
7444 1065
7447 1803
7449 2824
7450 2740
23836 2346
7459 1505
7463 2692
7468 3577
23855 138
23856 3575
23859 3574
7477 3335
7479 2778
23863 3333
7481 2803
7482 3573
7483 3568
23864 2169
7485 2798
23870 2776
23880 2705
23881 3567
23883 2735
7504 2067
7506 2792
7510 3327
7511 3326
23896 1626
23901 3321
7522 1299
7523 2790
23907 2760
23909 3566
23910 3564
23916 3563
7533 852
7534 3561
23918 2262
7536 3560
23920 2787
7542 3557
7543 3315
7546 2715
23939 1491
23943 2706
23945 373
23946 2721
7563 2664
23950 3312
7572 3556
7573 3553
7578 2708
7579 2191
7585 3310
7586 2786
23968 3306
7588 3551
23970 3302
7590 3550
7592 3311
7595 3297
7596 3545
7597 3296
7601 3295
7602 2759
7603 3540
23989 3537
23991 2754
7615 2560
24001 1771
24002 3534
7625 2685
24009 2078
7632 3294
7635 1071
7636 3513
7638 3293
24023 629
7645 2642
24029 456
7648 3280
24032 3272
7650 4094
24034 2753
24057 1000
24060 2744
7689 773
7695 3506
7712 1873
7713 3505
24097 1788
7715 3270
7716 2392
7717 560
7718 3261
24101 972
7725 2638
24110 2518
24113 3503
24114 3502
24122 3501
24126 2627
24128 3258
24129 2762
24133 3251
24148 2742
24149 3500
7768 1748
7769 3244
24152 3498
7772 3493
7774 2686
24159 2739
24160 3241
24161 3239
24163 3234
24169 3231
7801 2605
7807 3491
7811 3229
24199 2604
24202 3487
24204 2726
24210 2683
7829 2475
24214 3486
7844 556
7855 3485
24240 2380
7857 3227
24242 3481
7863 3225
24248 3219
24250 3210
24251 3209
24252 3477
7882 2118
7883 1587
7885 3202
24270 1300
24271 2682
7888 3201
7893 1897
7895 3200
7899 2704
24293 130
7911 1719
24295 2675
7916 2725
7926 1825
7935 2671
24332 2724
7956 559
7957 3476
7958 3469
24340 2008
24341 3467
7985 1173
24371 1072
24372 3457
7991 2634
7999 3449
8000 3199
24385 973
24398 2688
24402 2687
8031 2630
8036 3447
8037 3435
8045 2418
8047 3197
8048 2723
8049 2044
8053 2703
8058 3196
24444 2702
8063 2680
8064 2700
8067 2626
24451 3195
8069 3192
8071 3434
8072 520
24454 2699
8074 2061
24456 2696
24462 3433
8079 2628
24470 3430
24474 4095
24475 237
24477 1834
24479 4096
24489 2452
24490 3428
24499 3426
8118 3191
24503 3188
8122 2690
24506 2681
8128 2625
8134 2556
8146 3423
8147 3421
8148 2677
8150 3176
8151 2314
8153 2610
8155 2622
8156 3417
8157 3415
8161 2608
24559 1301
8177 2448
8178 3175
8185 3166
24568 1972
8187 2611
24575 3165
8193 3411
24578 44
8195 2595
8198 2655
24582 3162
8200 3153
24583 3410
24587 3409
24589 2578
8206 3407
8208 2654
24592 2653
8211 3151
24595 3149
24597 3403
8215 2651
8216 2648
8219 3136
8222 2575
8224 2995
24615 4097
24616 2106
24617 2107
24620 2637
8254 1506
8255 3402
24640 2633
8261 519
8263 3135
8280 723
8282 1962
8299 3400
8301 3133
8302 3396
8305 2624
8307 2623
8308 3395
8310 3391
24699 2788
24708 2621
24718 1073
8335 1001
24722 2548
8340 1920
24726 2544
24731 3380
24732 3379
8349 2552
24734 2588
8352 3131
8365 1679
8366 3373
8367 3363
8369 2537
8375 523
8376 1652
8378 3356
24765 2599
8386 2534
8387 3130
8391 974
8395 3129
8398 2585
8400 3355
8403 2499
8408 1961
8409 3353
8428 2584
24814 150
24820 3350
8437 2180
8441 3347
8442 3128
8443 3123
8448 4099
24833 1463
8452 3343
8458 3122
24841 595
24845 1204
24846 3119
8471 1890
8474 3342
8475 1549
8476 3341
24860 2533
24861 1889
24870 2524
24878 3115
24885 2440
8503 632
8505 3114
8512 2583
8513 3113
8517 121
8520 3111
8526 2580
8530 3109
8534 3340
8538 3339
24924 1292
8547 2523
8549 1959
8557 2573
8558 3337
24942 3103
24943 3334
24944 1213
24955 614
24957 3100
24960 2521
24961 3320
24970 1525
8589 1778
8592 2543
8595 2572
8596 3089
8612 818
8614 3316
8615 3311
25006 1363
8623 3305
8626 3301
8628 3300
8629 3086
8630 1320
8641 2498
8643 2569
25034 1273
25043 2497
25053 1819
8671 3299
8672 153
25056 3077
25057 3075
25059 3291
8676 3290
25060 527
25062 3289
8680 2495
25080 498
8701 1703
8702 3288
25086 2901
8704 3060
8705 2517
25089 2557
25091 3287
8708 3285
8710 1738
25094 2554
25095 3284
8715 1303
8718 3054
8719 3281
25102 746
25107 1659
25108 3595
8725 3046
8727 1078
8728 3034
25111 2483
8730 2551
8731 3033
8732 1688
25112 758
25114 3274
8735 3273
25115 3028
8737 3022
8738 3008
8739 3007
25116 2547
25125 1564
8742 2541
25130 2536
25136 3006
25138 3003
25139 2516
25143 3001
8768 1305
25152 2999
8774 1605
25158 2535
25159 2490
8786 2511
8787 3271
25172 1693
25176 3269
25179 3263
25180 2996
25181 3257
8801 2487
25189 2475
8807 2463
8811 3254
8815 2995
25204 3252
25205 1174
8823 522
8824 2988
25209 2508
25211 3250
25215 2445
25217 3249
25219 3248
25220 2980
25225 1466
25226 2970
25228 615
25229 3246
25230 3240
8851 1726
25235 3238
25236 2522
8854 861
8862 1526
8864 2458
25250 2447
25251 2969
8868 3232
8870 3228
8871 2966
8876 1682
8877 3223
8879 640
8881 3222
8888 1689
25271 186
25272 3220
25286 2345
25289 528
8916 62
25304 2444
8922 3218
8928 3217
25319 3214
25321 2955
25346 561
8968 1599
8969 3213
8970 2948
25354 2441
8972 2439
8973 3212
25358 2944
25359 569
8978 2437
25378 1167
25379 2938
25382 2519
25387 2515
25388 3211
25396 1176
9017 1656
25402 815
9020 1509
9021 1467
25405 2935
9023 3208
25408 2426
9025 570
9026 3206
25419 2430
9037 1578
9039 3205
25435 2480
25436 2514
9053 3204
25437 3189
25439 2389
25440 2914
25443 3187
25444 2913
25447 3186
25449 2910
9074 2409
9075 2909
9082 2477
25469 2330
9090 1478
9092 2509
9093 3185
9094 3184
9098 2907
25482 3174
25486 2507
9103 2904
25491 2902
25492 2506
9124 246
9125 2901
9126 2505
9127 2408
9128 2896
25510 3168
9130 3164
25511 2504
9133 3163
9135 3161
9138 1854
25526 2889
9143 1004
25528 2503
9147 2502
25531 3158
25534 2883
9151 3157
25537 2494
25540 1967
25541 1948
25545 2493
25557 2427
25562 2395
25565 2406
9184 1005
25571 3155
9188 2492
25572 1306
9194 2854
25582 1321
25585 1143
25589 2263
9208 1433
9209 2852
9211 3154
25595 3147
25596 2849
25597 1678
25598 2848
9216 764
9217 1149
25599 2837
25601 3140
25607 980
9224 2488
25610 2402
25611 2393
25615 2835
9241 2874
25631 2400
9248 2349
9249 3596
9255 1322
9265 3138
9266 3137
9267 2484
25648 2466
9273 2833
25660 1932
25662 3124
25663 2828
25664 2826
9283 1222
25674 3101
25676 2825
25678 2399
25684 1218
9306 836
9312 2481
9313 1076
9314 3095
25698 1851
9325 1926
9327 2390
9335 3088
25719 3085
9337 3079
9338 3069
9360 864
9387 3066
9389 2474
9391 2816
9392 2814
25777 1441
9397 2027
9408 2809
9414 2461
9417 1772
9419 3065
9426 2442
9432 1855
9433 4100
9439 2465
9441 3059
25827 2807
25829 2435
9450 1415
25836 670
9458 2345
9459 2433
25844 3057
25849 2431
25854 2806
9471 417
25856 3056
25863 3045
9482 634
9483 2795
9485 2785
9486 3044
25868 3035
9488 3032
25870 3030
25872 3027
9491 2377
25877 2771
9504 2762
9511 2457
25896 2311
9514 3026
9517 1872
9518 2757
25902 2432
25903 3024
25904 2324
9522 1857
25910 1829
25911 2756
25916 2763
25917 1247
25931 2644
25934 2752
25937 2453
25940 2751
25948 2374
9572 4107
25957 2369
25958 3023
25959 1785
25962 2738
9591 1905
25975 3018
9593 2365
9595 3011
25978 759
9597 3010
25980 2736
25988 2731
25996 2577
9616 1151
9618 2730
26005 3009
9631 2729
9634 2429
26020 2727
26021 2722
26022 2720
9639 571
26023 2422
9643 2363
9647 2340
26038 819
26039 4101
9656 1079
9659 981
26051 2716
26058 2339
26059 2416
26067 2707
26092 2362
9710 1991
9712 2701
9713 1779
9715 2297
26100 2695
9717 2674
26102 2997
9721 2669
9722 1381
9723 2668
9732 2351
9736 1252
26127 1468
26130 2411
9755 1214
26141 1229
9759 2992
9760 2990
9763 774
9764 1804
9769 2379
9773 2666
26159 2378
26167 2660
26168 2376
9785 557
26170 2658
26171 2984
26173 2657
26178 2324
26181 1551
26191 2983
26193 2280
26194 2652
26196 1585
9829 1773
9831 2981
9862 2235
9863 2650
9865 2978
9867 2977
9869 1081
9890 2976
9893 2975
9895 2971
9907 1789
9913 2649
9915 2646
9922 2960
9937 1338
9943 1768
9944 2954
9946 2764
9959 2645
9962 2368
9964 2313
9968 2366
9974 2312
9979 2953
9980 2643
9983 2952
9987 2947
9993 1339
10000 2941
10002 2940
10022 1690
10024 2277
10039 895
10041 1219
10056 2310
10113 1876
10115 2641
10116 2939
10117 1805
10130 1786
10133 2937
10134 2936
10148 2934
10153 2307
10154 2640
10158 2933
10162 2639
10178 2632
10180 2618
10186 2930
10211 2265
10235 2873
10243 250
10246 2929
10247 2928
10251 775
10253 2617
10268 2183
10310 2872
10317 2615
10338 2449
10341 2359
10346 2274
10350 1082
10351 2357
10352 2922
10354 2918
10355 2915
10356 2912
10376 2273
10381 2765
10382 2871
10383 2306
10388 2614
10390 2356
10391 2613
10406 1692
10407 2863
10412 2609
10427 1926
10432 2603
10433 2856
10435 2355
10439 2350
10446 2838
10456 1780
10463 2602
10467 2348
10468 2836
10477 2028
10478 2823
10497 2822
10500 2300
10501 2592
10513 2590
10517 2821
10519 2347
10524 2582
10539 2267
10549 2262
10550 2229
10559 2820
10564 2224
10588 1758
10590 2180
10601 2581
10602 2818
10620 2328
10623 2432
10637 2577
10640 2570
10652 2265
10656 2213
10657 2567
10676 2817
10677 2316
10679 2302
10682 2564
10711 1553
10719 2210
10726 2167
10763 2813
10765 760
10791 2346
10792 2562
10794 1141
10801 1774
10807 2561
10818 2550
10819 1341
10822 2546
10824 2540
10825 2520
10841 16
10847 2812
10871 1345
10872 2512
10878 2219
10879 2301
10880 2496
10881 2811
10895 1311
10897 2810
10898 2473
10904 2471
10906 2470
10907 2468
10910 2294
10912 2288
10918 2286
10919 2447
10923 2394
10925 2281
10926 1754
10936 2276
10942 1735
10956 2384
10967 2428
10969 2425
10983 1655
10986 2808
10991 2805
10996 2206
11002 2413
11009 2198
11012 2397
11016 2396
11030 2202
11032 2391
11034 2270
11035 2802
11037 2801
11047 2197
11052 2375
11053 562
11054 2388
11066 2268
11082 463
11102 701
11107 1007
11108 2800
11112 2175
11114 2164
11120 2264
11121 2788
11125 2260
11132 2155
11148 563
11152 1830
11175 1499
11182 975
11183 2259
11186 2247
11194 2370
11196 2777
11197 2387
11199 2126
11213 2245
11215 2773
11216 2772
11223 102
11227 2233
11231 1343
11233 1884
11241 1215
11275 103
11280 2770
11285 2386
11325 2242
11328 1931
11400 2160
11401 2385
11402 2104
11403 2090
11410 2371
11411 2768
11416 1083
11426 2230
11427 2767
11444 2228
11445 2029
11447 2074
11459 2766
11461 2341
11462 2765
11464 565
11465 2367
11467 2764
11468 2364
11470 2361
11472 1216
11490 2193
11491 2222
11493 2218
11522 2069
11528 2358
11539 2194
11557 2238
11561 2763
11563 2761
11572 2188
11577 2354
11579 2755
11583 2750
11602 2059
11604 822
11607 2056
11609 1815
11610 2170
11611 2318
11612 1217
11613 2163
11616 2353
11617 2749
11621 1915
11622 2343
11623 2748
11626 2337
11629 2159
11630 2191
11631 2326
11638 2325
11640 2323
11641 2746
11642 2745
11661 1881
11662 2055
11664 2318
11670 776
11700 2737
11721 2158
11746 2083
11785 564
11791 2151
11792 2150
11801 1700
11806 2317
11811 2331
11812 2315
11815 2303
11816 2734
11820 2298
11821 2148
11822 2714
11824 1620
11828 2713
11829 2147
11840 2308
11841 2712
11842 2679
11861 1694
11863 2292
11865 2672
11868 2138
11878 2670
11879 2667
11891 2050
11892 2663
11898 2659
11899 2644
11902 2042
11903 2137
11910 2285
11911 2636
11919 2035
11923 2635
11924 2629
11925 2136
11926 2619
11929 2616
11939 2135
11944 2279
11951 2132
11964 607
11968 2612
11969 2278
11971 2606
12016 2081
12032 2161
12040 2145
12041 2600
12042 2571
12045 2568
12046 2558
12049 2127
12050 2553
12051 3597
12054 2263
12056 1010
12066 1624
12070 1946
12101 1641
12106 2261
12107 2257
12110 2122
12112 2255
12113 2545
12118 155
12121 2254
12141 530
12149 1344
12151 2121
12155 2119
12157 2542
12158 2110
12160 2075
12161 2530
12165 2034
12187 1411
12192 2252
12193 2251
12212 729
12247 1434
12248 2529
12252 2510
12256 2249
12260 2246
12263 2486
12268 2076
12287 2061
12291 2485
12295 2240
12296 2057
12302 2234
12307 2232
12308 2033
12311 2141
12312 2041
12313 2008
12318 2004
12320 2227
12321 2223
12324 2133
12334 826
12338 2216
12365 214
12370 2001
12373 2212
12380 1991
12386 1621
12389 2211
12406 1842
12409 1500
12414 2006
12419 1981
12422 1980
12423 3598
12425 2005
12458 2130
12460 1995
12473 2478
12491 1808
12492 765
12496 1220
12498 2205
12503 637
12504 2476
12507 1085
12547 2472
12552 2192
12553 1605
12554 2469
12599 2058
12611 2129
12612 1994
12615 2272
12616 2181
12617 2467
12627 1625
12637 540
12640 1978
12641 2116
12642 2460
12644 2459
12654 1346
12659 1550
12660 1990
12664 2179
12665 2446
12676 2424
12678 1979
12679 2178
12688 1469
12689 1963
12695 1962
12701 1744
12704 2419
12707 2168
12710 1086
12712 1949
12722 2045
12735 2128
12743 2154
12745 2415
12749 2410
12751 2405
12758 1935
12763 2153
12781 579
12786 2271
12787 1922
12788 2030
12797 2144
12798 2404
12801 2140
12802 4102
12803 2139
12851 1272
12852 2398
12860 1919
12861 1912
12863 2383
12865 2382
12866 1911
12868 2381
12874 2269
12885 3599
12887 2352
12927 502
12928 464
12938 1810
12968 1399
12971 2336
12980 1792
12981 2327
13008 1169
13010 1950
13012 2080
13013 2322
13026 1931
13029 1909
13031 1908
13032 2073
13034 2072
13035 1906
13036 2320
13056 1310
13068 2117
13096 1470
13153 1920
13164 2063
13167 2071
13174 1918
13175 2068
13177 1904
13191 2319
13196 2225
13199 2088
13205 2082
13220 582
13276 1123
13292 2299
13311 2065
13318 1903
13319 1916
13320 2295
13321 2293
13328 1777
13334 2064
13346 1695
13352 1755
13355 1902
13364 1744
13371 1913
13384 1646
13385 2291
13387 2063
13389 2290
13390 2287
13411 1170
13413 2284
13415 2049
13422 1989
13470 2047
13480 2242
13481 2283
13482 4103
13483 2282
13486 2046
13493 1900
13496 2040
13497 2258
13498 2256
13501 2039
13521 2250
13526 4104
13528 2036
13529 2248
13597 1231
13600 2007
13604 2244
13614 1613
13615 702
13616 2243
13619 2236
13620 2237
13621 2217
13622 2003
13636 2000
13641 2215
13649 572
13651 1992
13653 2214
13659 1732
13673 2002
13675 2208
13677 1971
13680 2207
13682 1891
13702 2209
13703 1968
13704 2204
13705 2203
13711 1895
13713 1965
13717 2200
13740 1645
13741 2186
13749 1868
13801 1696
13815 2184
13832 2177
13834 2176
13837 2025
13847 1988
13859 1730
13862 1888
13864 2172
13932 2171
13955 1598
13966 1712
13989 992
13990 1947
13999 1866
14004 1943
14037 2162
14051 2173
14067 1522
14078 2010
14090 1625
14093 1960
14094 1842
14102 1969
14123 2870
14128 1833
14131 2152
14132 2149
14135 2142
14154 2134
14157 4105
14159 1937
14165 1087
14170 1936
14171 2123
14174 1933
14175 1928
14176 1901
14181 1368
14182 2117
14282 1886
14286 1877
14302 1885
14316 1852
14317 1882
14319 1843
14324 1880
14325 1872
14337 1521
14338 2116
14339 2115
14344 1837
14345 2079
14346 2052
14358 2051
14370 1806
14371 2048
14372 1827
14373 4106
14376 2038
14377 1835
14379 2108
14383 1870
14384 2037
14385 1831
14414 1861
14419 470
14424 1941
14430 1807
14431 1860
14485 1232
14496 1856
14497 976
14498 2021
14499 1854
14500 1849
14534 1434
14543 1847
14547 2015
14552 1927
14558 1836
14559 1828
14560 1822
14562 2009
14600 1999
14616 1790
14619 1998
14621 1787
14627 1921
14628 1784
14638 1775
14639 1997
14648 1127
14652 1830
14661 1839
14662 1783
14664 1996
14667 1624
14690 1620
14691 1791
14698 1989
14711 1987
14747 1785
14763 1986
14781 1780
14808 3600
14809 1985
14834 1203
14840 1907
14841 1984
14842 1983
14843 1779
14844 1982
14845 1772
14854 1776
14864 1361
14869 1976
14932 1697
14933 1826
14967 1893
14969 1956
14982 1767
14983 1820
14985 1975
14990 1974
14991 493
15007 1973
15073 1951
15081 1092
15082 1775
15123 1770
15125 1769
15126 1490
15144 2866
15145 2109
15150 1945
15154 1944
15160 1766
15161 1759
15163 2166
15166 1698
15170 1782
15173 3601
15181 1940
15182 1781
15186 1934
15187 1751
15188 1925
15189 3602
15191 1923
15192 1746
15194 1742
15195 1758
15200 1915
15205 1761
15208 1910
15209 1741
15214 1756
15221 1745
15227 1736
15235 1619
15247 1740
15248 1737
15250 1734
15251 1875
15252 1871
15253 1869
15258 2165
15259 1864
15301 1727
15306 1863
15316 1179
15321 1892
15322 1862
15325 1726
15329 1714
15353 1698
15357 1439
15365 1536
15366 1702
15374 1859
15382 1701
15383 977
15384 1725
15386 1724
15399 1696
15400 1858
15401 1857
15415 1855
15419 1832
15420 1720
15423 1817
15455 1417
15479 1695
15485 1715
15516 1887
15523 1093
15524 1814
15528 1691
15538 641
15552 1501
15553 1813
15559 1879
15562 2111
15568 2160
15571 2124
15572 1811
15585 1874
15589 1664
15600 1690
15608 2086
15609 1786
15614 1955
15617 1773
15623 1688
15625 1765
15641 1686
15642 1656
15657 1652
15663 1764
15664 1689
15665 1763
15666 1685
15667 1684
15669 1683
15681 1629
15683 573
15685 1610
15687 1682
15708 2113
15712 1762
15717 1680
15718 1749
15770 1851
15774 1743
15784 251
15786 1608
15793 1823
15800 1564
15802 1739
15814 1312
15821 1675
15824 1728
15829 1670
15847 1546
15882 1723
15898 1679
15905 1710
15907 1707
15911 1657
15912 1540
15913 1706
15920 1532
15931 1335
15935 1821
15942 1704
15943 1526
15947 1672
15951 1818
15959 1438
15960 1517
15961 1662
15962 1658
15971 1812
15973 1511
15974 1499
15977 1642
15998 2084
16011 1632
16013 1653
16014 1631
16015 1630
16020 1313
16039 1954
16040 1627
16042 1496
16065 1612
16067 1493
16068 1481
16070 1611
16083 829
16084 1573
16087 1571
16091 1678
16101 1245
16108 1468
16110 1674
16115 2077
16123 1794
16129 1461
16131 1650
16148 1094
16159 1648
16162 1314
16210 2709
16213 1671
16216 1570
16224 1459
16225 1458
16227 1457
16230 1567
16232 1453
16234 1452
16235 1451
16258 877
16261 1544
16262 1542
16264 1953
16265 1449
16266 1448
16280 1640
16312 1541
16314 1539
16324 1952
16332 1661
16334 1660
16335 1524
16336 1446
16338 1516
16340 1514
16348 1501
16352 1806
16357 1211
16358 1436
