13 5226
14 5238
22 5152
24 4975
25 5237
26 5225
27 4974
28 5236
29 5235
45 1016
46 1079
62 4729
65 4507
70 5241
71 5234
74 5240
75 5233
78 4973
80 5239
81 5200
82 5232
85 5231
88 1078
93 5223
95 5191
97 5190
98 5229
106 4967
113 4966
114 5227
115 5179
122 4752
123 5220
124 5178
128 4963
135 3934
140 5148
141 4933
142 5177
161 4932
163 5173
164 5172
165 5169
178 4140
179 5097
183 5216
185 1899
187 5168
188 5167
192 4913
193 4912
194 5215
195 5096
197 5166
199 5165
200 3533
205 5146
214 4379
215 1491
231 2417
232 5212
238 4905
244 4377
245 5161
252 5210
253 5068
254 5208
260 5125
267 5058
269 5057
272 4756
281 4057
283 5160
284 5204
293 5158
294 5202
299 5124
302 5157
309 5123
312 5156
315 5201
320 4754
321 5143
339 2093
345 3105
348 5138
350 5137
351 1463
352 5012
357 4864
358 5136
360 4991
364 4863
365 5121
369 5120
372 5194
373 5193
374 5192
375 5185
376 5119
379 5107
380 4943
385 4506
392 5184
396 4847
400 5183
403 5182
408 5092
409 4938
410 5181
414 5180
449 931
450 5170
482 2878
491 3675
492 3531
495 4821
500 3276
510 5070
523 5066
543 2338
546 5064
547 5065
570 482
573 4755
574 5053
580 5049
593 2420
598 5133
615 2199
624 1417
628 5132
639 3935
676 1201
677 5036
715 4596
717 5128
727 4375
731 5127
733 5033
734 5126
735 5118
743 3621
748 5114
749 5113
750 5023
751 5112
773 438
778 4716
782 4709
787 5016
800 5013
811 3619
820 4997
822 4996
824 2877
830 4992
831 5102
832 2555
833 5101
834 4707
836 4703
839 4985
844 4982
851 4292
853 4520
855 5099
864 5098
866 4953
869 4735
880 4678
882 4509
884 4952
885 4671
887 4951
888 3955
890 4950
894 4733
896 4731
899 4633
914 3881
915 4935
920 4920
921 4919
925 5085
930 4730
934 3724
937 4702
938 4901
939 5083
941 3617
950 3677
951 4900
953 4569
1000 3314
1006 4885
1008 3025
1010 5076
1013 5074
1014 4355
1023 307
1024 4884
1025 5061
1026 4879
1028 3676
1029 4878
1044 2891
1045 5060
1048 4547
1050 5052
1051 4876
1058 3416
1059 4546
1073 4545
1074 1154
1075 5051
1078 4700
1090 3814
1092 4852
1093 4526
1098 4519
1101 4851
1104 4850
1105 5044
1107 5040
1109 4517
1116 2769
1124 3671
1125 5038
1149 2711
1150 4504
1151 2874
1153 5037
1154 4831
1157 4503
1172 2840
1174 4829
1186 723
1187 5027
1194 5026
1217 2107
1229 3512
1234 3329
1248 4463
1254 4462
1258 4315
1265 3565
1267 4313
1278 2797
1279 4799
1280 4447
1281 3790
1289 4446
1292 4445
1293 4106
1310 2881
1311 4415
1321 4280
1322 4796
1323 4795
1327 5010
1339 4524
1341 4278
1343 4245
1344 5009
1346 5008
1347 5007
1350 5006
1353 4243
1356 4241
1373 4491
1375 4782
1376 5005
1378 5004
1383 5003
1386 4381
1403 3110
1404 4219
1405 4781
1407 3787
1408 4366
1425 2656
1427 4779
1430 4777
1436 4344
1488 1083
1490 4990
1493 2857
1497 4764
1498 4306
1499 4736
1508 4305
1511 4298
1519 4297
1520 3692
1545 3524
1549 4204
1550 4296
1551 4987
1552 4986
1556 4291
1560 4977
1561 4971
1563 3602
1588 2113
1589 4968
1594 4314
1595 4962
1599 4961
1600 4717
1606 4281
1608 4713
1611 4270
1613 4203
1620 3099
1621 4694
1653 487
1656 4162
1658 3508
1660 4157
1662 4692
1667 2563
1668 4690
1669 4956
1670 4942
1672 4156
1674 3446
1675 4934
1685 2482
1694 2906
1695 4927
1696 4689
1699 4129
1711 2662
1727 3090
1728 4113
1736 3401
1738 4226
1765 2601
1776 4065
1782 4669
1787 4188
1793 4665
1796 4664
1798 4663
1817 4195
1818 4167
1821 4661
1822 4896
1823 4895
1825 4660
1829 3394
1832 4152
1833 4651
1834 4647
1836 4887
1838 4646
1839 2373
1840 4190
1841 3352
1854 2594
1855 4643
1857 4639
1858 718
1859 4638
1860 4880
1862 4874
1877 2782
1878 4630
1879 4861
1880 4860
1896 2589
1897 4623
1908 4034
1910 4619
1914 4033
1915 4857
1916 4618
1941 2958
1958 2091
1959 4616
1962 4615
1963 4612
1966 4132
1967 4611
1968 4853
1969 4602
1976 4849
1981 2900
1982 4131
1983 4601
1985 4600
1989 4030
1992 4841
1995 1067
1997 2586
2001 4110
2003 4598
2004 4839
2009 3332
2010 4028
2042 717
2043 4597
2044 3977
2047 3976
2049 4590
2054 3944
2055 4589
2059 4834
2072 2097
2073 4015
2074 4587
2075 4014
2076 4586
2080 4578
2081 4823
2085 3967
2087 3319
2115 716
2116 3943
2117 4815
2118 4813
2119 4809
2120 4808
2123 4807
2124 4806
2127 4805
2133 2489
2136 4577
2142 3942
2143 4803
2144 3601
2155 2587
2165 2870
2169 3940
2182 3938
2184 4000
2185 2525
2186 4800
2190 3924
2193 3308
2200 3913
2201 4552
2202 3910
2203 4794
2212 485
2215 3999
2222 3901
2223 4544
2239 3892
2243 2858
2247 4774
2248 4773
2249 2491
2250 715
2255 3877
2259 4772
2287 3519
2293 3996
2295 4771
2298 4514
2303 3177
2304 3988
2306 3868
2307 4500
2309 3987
2316 3978
2326 2774
2328 4769
2329 4499
2331 4768
2332 4496
2334 4492
2335 4489
2338 1066
2339 4767
2340 3926
2341 4486
2342 3925
2348 4763
2350 4485
2352 4762
2355 4761
2356 4758
2368 1754
2385 3917
2386 4476
2388 3911
2394 3875
2404 2455
2409 3845
2410 2794
2420 3779
2443 2709
2449 4099
2450 4465
2451 4749
2452 3777
2455 4454
2457 3600
2459 4747
2465 3844
2474 3904
2475 3903
2476 4746
2485 4453
2487 4744
2490 3722
2501 2579
2503 3902
2504 4450
2505 3898
2506 4449
2511 3707
2512 3882
2515 4727
2516 3879
2526 3134
2527 4444
2530 1063
2532 4724
2535 1060
2536 3833
2556 2157
2557 4723
2558 4435
2559 3872
2560 1605
2561 4719
2562 3832
2563 4715
2566 3871
2568 3687
2569 4714
2591 3116
2592 4433
2593 4704
2596 3828
2607 2143
2611 3783
2613 4429
2614 4428
2620 2392
2621 4098
2622 4697
2623 4097
2624 4691
2630 3652
2654 97
2655 4684
2656 4418
2661 2717
2664 4683
2666 4417
2710 1110
2712 4414
2713 3824
2720 3818
2741 443
2742 4673
2749 4668
2750 4666
2752 3704
2754 3703
2761 3679
2762 4659
2770 3629
2771 3627
2773 3381
2774 3597
2783 4404
2784 3796
2785 3793
2789 3375
2797 2380
2803 4653
2805 4402
2806 4401
2810 3788
2823 3613
2826 3369
2846 1646
2848 4392
2851 4391
2852 4390
2870 1959
2877 3748
2879 4641
2883 4388
2912 2095
2915 3745
2917 4387
2922 3739
2926 4383
2936 4640
2938 4636
2949 1550
2950 4635
2952 477
2959 2574
2980 593
2981 4627
2982 3735
2984 4371
2991 4368
2993 3357
2997 3730
3006 2538
3007 4367
3032 2182
3033 3720
3034 4365
3037 4364
3048 3286
3052 3275
3053 4622
3055 3596
3056 3717
3058 4359
3059 3714
3062 4357
3063 3709
3066 3050
3067 4614
3068 4613
3073 4609
3074 4608
3076 3538
3096 2156
3099 3224
3100 4605
3102 3698
3105 4604
3113 711
3119 4327
3136 3515
3164 3049
3171 4591
3173 4585
3174 4584
3178 3179
3185 4583
3186 4582
3188 4580
3193 2560
3194 4575
3195 4574
3196 4573
3197 3658
3199 4561
3200 4294
3204 3048
3206 4288
3207 4559
3209 4287
3228 3047
3231 2454
3239 4266
3243 3633
3265 1529
3279 4557
3280 4262
3283 4096
3286 3569
3291 3542
3292 4556
3293 4258
3297 3536
3310 1127
3312 3474
3316 4257
3321 3472
3323 3167
3345 2418
3347 4549
3362 4254
3372 445
3377 3093
3383 4539
3386 1735
3387 2346
3388 3464
3409 1004
3411 3462
3412 3458
3418 3091
3420 3454
3430 3070
3431 4536
3441 2982
3442 2452
3449 4246
3450 4242
3451 4534
3452 4238
3466 1972
3501 3593
3502 1522
3507 3451
3508 4530
3511 4232
3516 2895
3522 3370
3524 4231
3526 4224
3532 4513
3534 3592
3547 2500
3553 4223
3561 1521
3593 2897
3594 3349
3595 3348
3599 4498
3607 4215
3618 2479
3630 1948
3631 4494
3632 3317
3633 4212
3651 1132
3652 3591
3653 2789
3654 3439
3655 3590
3677 1890
3679 3438
3681 3437
3682 3429
3683 4483
3684 4209
3685 4196
3716 2412
3718 4181
3719 1645
3721 4180
3725 3262
3730 3414
3731 1490
3743 1884
3744 4175
3748 4479
3750 3413
3752 3412
3754 3408
3765 2311
3766 3589
3772 4478
3773 4477
3804 2131
3811 1590
3812 4095
3814 3588
3818 3389
3819 4473
3820 4094
3821 4472
3824 4092
3825 4144
3826 4143
3827 3388
3839 1808
3843 1924
3844 4471
3845 4468
3849 3385
3850 4466
3851 4460
3852 4117
3853 4459
3858 3216
3872 1815
3873 4109
3875 4456
3876 3368
3877 2029
3878 3367
3890 1439
3909 709
3910 4442
3916 1810
3917 3365
3922 2070
3927 4069
3937 3171
3939 1873
3944 3360
3946 4439
3948 4067
3953 3150
3955 3358
3964 3344
3965 4049
3967 4048
3977 2183
3980 4045
3982 4424
3983 3338
3988 4420
3989 4413
3990 3325
3996 2783
3998 3323
3999 4410
4000 4409
4013 2060
4015 4038
4017 4037
4018 4026
4019 4025
4021 4023
4023 3322
4027 4399
4032 4022
4033 3309
4034 4019
4036 3304
4037 4018
4038 4011
4040 4398
4046 4397
4051 3292
4052 4396
4068 2185
4069 4394
4080 3068
4081 3283
4102 1438
4103 3282
4104 3058
4106 3036
4110 3991
4115 2760
4116 4386
4117 3982
4125 2721
4128 4385
4135 2708
4138 3974
4139 3031
4141 3029
4143 2704
4144 3971
4146 1961
4148 3969
4164 447
4180 2780
4181 4354
4182 3259
4183 4353
4186 4352
4189 3956
4195 2688
4196 4351
4199 3004
4211 1422
4213 3255
4241 1320
4242 3945
4245 3933
4247 3242
4249 3929
4250 3235
4252 4348
4254 4345
4255 2687
4258 1792
4259 3912
4261 4338
4262 4335
4263 3226
4264 3905
4265 3221
4266 3900
4267 4334
4269 3215
4272 4333
4273 2986
4275 2680
4276 4331
4278 4329
4283 3182
4284 3888
4286 2967
4288 2961
4289 3887
4290 4318
4293 3181
4298 2956
4301 3886
4302 2951
4319 3170
4351 1261
4353 2733
4354 2027
4355 1065
4364 1077
4365 4312
4366 4304
4371 2728
4372 3874
4376 2932
4377 2931
4379 3169
4380 3873
4382 4303
4383 4301
4416 1722
4422 1777
4425 2673
4426 3855
4427 4276
4428 3142
4431 2927
4432 4273
4433 3852
4442 1655
4446 2924
4451 3851
4458 1898
4466 2694
4467 4272
4468 3849
4469 4268
4472 2923
4483 2083
4484 3841
4485 3840
4488 1257
4490 2917
4493 2626
4495 4260
4511 468
4512 707
4513 1062
4515 1732
4525 1730
4550 2106
4552 3132
4554 3819
4555 3815
4575 1464
4576 4239
4583 3112
4588 2685
4624 1641
4625 4234
4630 3108
4631 3098
4632 1602
4633 4233
4634 3096
4635 3785
4638 4218
4639 1387
4640 3087
4641 3782
4642 4213
4643 4210
4650 3776
4656 3080
4673 1850
4685 3076
4697 2622
4700 3775
4702 3774
4703 1804
4704 3074
4705 1359
4708 3071
4712 4201
4713 2611
4724 2864
4727 2860
4743 789
4748 1309
4750 3773
4755 1054
4756 3064
4759 3767
4760 3766
4765 2081
4766 3765
4771 2627
4773 1803
4774 2846
4775 3759
4777 2845
4781 3042
4782 2076
4793 2058
4798 2605
4814 1824
4819 3747
4822 3746
4825 2604
4826 3744
4828 3738
4834 1074
4835 3733
4836 4177
4846 1003
4847 3037
4868 2556
4870 3021
4875 3017
4877 3016
4878 3726
4896 1793
4952 1362
4954 4145
4955 4142
4958 3013
4959 4139
4960 3695
4966 3005
4967 3694
4975 2497
4983 3693
4988 3002
4989 2793
5052 159
5055 4126
5056 3664
5057 3655
5059 4121
5060 4120
5061 4119
5062 4118
5065 3585
5067 528
5078 1625
5081 4116
5083 3651
5084 3650
5087 3648
5107 818
5109 3646
5116 2430
5119 4114
5125 2989
5130 2740
5131 4091
5134 2045
5136 3643
5137 4111
5143 3636
5144 3631
5156 2427
5162 1988
5164 2735
5166 2973
5172 1788
5175 2480
5181 2706
5182 3604
5184 2965
5194 2395
5202 2963
5209 1434
5210 1068
5211 2949
5212 2683
5216 2942
5218 3572
5225 2477
5227 2926
5228 3562
5230 3559
5231 4044
5232 3558
5233 3554
5240 2465
5241 4041
5246 2921
5251 2457
5255 3546
5256 3539
5257 3535
5259 2393
5260 4039
5261 4036
5262 4035
5266 2453
5267 2919
5268 3532
5271 2682
5287 1748
5302 1232
5346 2023
5352 2647
5353 2634
5355 3499
5359 3497
5360 4024
5361 4021
5363 2630
5364 4020
5365 4017
5366 3496
5367 2628
5385 1932
5387 4008
5392 1624
5395 2861
5400 4005
5402 4004
5404 3492
5406 4003
5407 1246
5408 3490
5409 3994
5411 2850
5412 2022
5413 3993
5415 3992
5417 2847
5425 2344
5427 3985
5432 3984
5434 2608
5435 2829
5441 1616
5444 3479
5445 3478
5446 3475
5464 2384
5465 2798
5466 3979
5468 2340
5469 2792
5477 3468
5478 2790
5479 3970
5481 3463
5483 3460
5485 2786
5486 3963
5488 2321
5490 3962
5492 3953
5497 2759
5503 2595
5505 2754
5510 1954
5511 2578
5519 2375
5529 2575
5533 3459
5541 2370
5542 3950
5543 2753
5545 3949
5546 3948
5547 2744
5548 3947
5555 1597
5564 1703
5570 2742
5571 2741
5575 2739
5577 3941
5578 1952
5579 3937
5597 1408
5601 3443
5602 3436
5605 1659
5606 3432
5608 2537
5621 951
5622 3427
5626 3424
5629 2533
5631 3422
5632 3419
5634 3418
5636 3931
5639 1946
5655 1557
5656 2528
5659 2726
5660 3406
5661 3916
5667 2725
5668 2280
5672 3404
5673 2524
5674 3915
5695 554
5697 3914
5698 3896
5712 2314
5717 1167
5729 2723
5730 3893
5731 3891
5738 2341
5739 2523
5740 3890
5767 2521
5769 3390
5771 1867
5773 2517
5774 3885
5787 1545
5794 2702
5807 1113
5809 3382
5812 1471
5814 3883
5825 2490
5826 3866
5827 3863
5828 3374
5829 3862
5830 3366
5835 2308
5838 3364
5839 3335
5840 3333
5843 2699
5848 2487
5849 2698
5851 2696
5853 3861
5862 2272
5901 585
5934 544
5938 2655
5953 1889
5957 1509
5960 2444
5973 3310
5993 1718
5995 2651
6008 3297
6009 2439
6010 3296
6012 2221
6023 994
6024 3293
6030 2437
6031 3280
6033 2242
6037 3811
6039 3810
6056 1478
6064 2209
6072 3802
6073 3270
6075 2631
6076 2195
6077 1430
6078 3801
6079 3800
6081 3261
6082 3799
6094 2407
6095 2623
6154 1800
6156 2402
6158 2400
6159 3239
6160 2585
6161 3798
6170 3234
6172 2173
6175 2584
6176 3230
6179 465
6183 2219
6184 3794
6185 3791
6190 2399
6218 1669
6219 2583
6222 4089
6226 3219
6229 3209
6264 180
6265 3778
6266 2572
6271 590
6280 2202
6282 3771
6288 2166
6290 3770
6291 3202
6300 3764
6301 1506
6303 3201
6305 2193
6307 3762
6315 3199
6316 3755
6317 2374
6337 1415
6340 1052
6350 1395
6351 2547
6354 3734
6355 3192
6356 3732
6364 2160
6375 2191
6376 3176
6380 3727
6387 3583
6388 3582
6389 3173
6390 3721
6408 1262
6411 1799
6421 2086
6423 3701
6427 2084
6431 3165
6434 2077
6442 1733
6443 2363
6446 3688
6448 3684
6455 3681
6456 4088
6465 2141
6468 1993
6482 1323
6494 1668
6503 2130
6506 2362
6512 435
6513 3136
6524 1964
6525 4086
6527 3667
6529 2128
6530 2513
6532 2509
6533 2507
6534 3666
6535 3663
6538 1939
6541 2506
6543 2088
6544 2017
6556 2505
6558 2351
6575 833
6576 3131
6579 3654
6583 125
6610 118
6611 1364
6626 2502
6627 2494
6628 2313
6629 3647
6631 3644
6632 2493
6635 3123
6638 1930
6641 3640
6642 2492
6648 2025
6666 2010
6667 2488
6669 3639
6675 1396
6700 1051
6701 3634
6702 3632
6703 2481
6706 3625
6707 2474
6708 1467
6709 3624
6711 2442
6724 1327
6726 3577
6732 1582
6735 1881
6737 3115
6738 3575
6744 3574
6746 2434
6748 3114
6774 362
6776 3567
6804 1563
6806 3107
6807 3106
6808 2306
6810 2421
6813 1941
6815 2416
6823 1241
6824 1927
6825 3100
6828 3566
6830 462
6832 3564
6835 3563
6838 1528
6857 1361
6858 2376
6859 2372
6863 3081
6864 3077
6867 3075
6868 4085
6878 2368
6884 3550
6888 2366
6891 1512
6892 376
6895 3545
6896 2267
6904 2262
6905 3055
6907 518
6908 3054
6911 2359
6913 3540
6914 3046
6918 2229
6919 3534
6920 2357
6934 1381
6941 1893
6943 3033
6944 2210
6963 1101
6971 2206
6973 3505
7007 111
7010 2348
7011 3502
7013 514
7014 3022
7015 2347
7023 1245
7024 2332
7025 3501
7026 3008
7038 3006
7039 2328
7042 2175
7045 1211
7046 1717
7050 1713
7053 3487
7055 3486
7058 3003
7069 2126
7071 2316
7072 2302
7087 814
7088 3001
7090 1887
7091 2288
7093 2995
7094 3477
7095 2988
7096 3581
7098 2281
7103 3469
7104 2970
7105 1874
7109 2966
7125 1129
7126 2955
7154 1286
7188 1010
7194 1845
7197 1049
7204 1681
7206 3457
7209 2264
7245 1199
7246 2946
7247 2260
7264 1797
7265 2050
7267 2944
7277 848
7278 3428
7280 2943
7281 3426
7307 215
7309 3415
7311 1603
7317 1489
7324 2043
7350 815
7355 1160
7356 3410
7357 2013
7383 1237
7384 2911
7386 2910
7442 384
7444 1239
7446 2006
7447 1796
7449 2228
7450 2005
7452 3395
7459 897
7463 1586
7468 3391
7475 1581
7477 2896
7479 1823
7481 2222
7482 3378
7483 3373
7485 2218
7504 804
7506 2194
7510 2883
7511 2854
7515 1990
7522 1979
7523 2188
7524 1412
7525 4083
7533 1149
7534 3347
7536 3343
7541 1146
7542 3342
7543 2849
7546 1931
7563 1406
7572 3340
7573 3339
7578 1794
7579 2839
7584 2158
7585 2837
7586 2151
7588 3337
7590 3334
7592 2150
7594 3320
7595 2828
7596 3316
7597 2826
7601 2825
7602 2148
7603 3311
7615 1398
7625 1562
7632 2816
7635 1048
7636 3300
7637 3299
7638 2814
7645 1559
7647 3291
7648 2809
7650 1081
7689 60
7695 3290
7712 379
7713 3289
7715 2806
7716 1116
7717 315
7718 2795
7719 2012
7725 1554
7726 1757
7727 2136
7768 864
7769 2757
7772 3269
7774 1916
7801 1519
7802 1913
7807 3263
7811 2738
7824 1895
7829 1866
7844 1207
7853 1515
7854 2730
7855 3253
7857 2729
7861 2727
7863 2722
7877 1833
7878 1827
7882 1012
7883 2121
7885 2701
7888 2695
7893 659
7895 2676
7899 1752
7911 860
7916 2119
7926 642
7935 1782
7956 454
7957 3249
7958 3248
7959 2669
7985 1626
7991 1781
7999 3238
8000 2668
8031 1761
8036 3233
8037 3232
8045 1614
8047 2666
8048 2061
8049 999
8053 2057
8054 3228
8055 2660
8058 2658
8063 1697
8064 2008
8067 1687
8069 2652
8071 3223
8072 617
8074 2001
8077 3222
8079 1747
8087 1981
8116 654
8118 2649
8122 1963
8128 1666
8134 1497
8146 3211
8147 3208
8148 1949
8150 2645
8151 1203
8153 1736
8155 1651
8156 3206
8157 3205
8161 1726
8177 1259
8178 2643
8179 3204
8184 1698
8185 2641
8187 1644
8193 3189
8195 1689
8198 1935
8200 2632
8206 3185
8208 1922
8211 2618
8215 1912
8216 1911
8219 2615
8222 1653
8224 1495
8231 3168
8254 1015
8255 3164
8261 364
8263 2614
8279 1637
8280 313
8282 1906
8298 1636
8299 3163
8301 2613
8302 3161
8305 1904
8307 1903
8308 3158
8310 3157
8312 1215
8335 629
8336 3155
8340 1628
8349 1475
8352 2609
8365 761
8366 3138
8367 3137
8369 1639
8372 1447
8374 1894
8375 608
8376 1891
8378 3124
8386 1633
8387 2603
8391 1623
8395 2602
8398 1888
8400 3101
8403 1621
8404 3095
8408 927
8409 3088
8428 1877
8437 2591
8441 3079
8442 2590
8443 2582
8446 1617
8448 4078
8449 1852
8452 3069
8457 2581
8458 2577
8471 607
8472 2567
8474 3066
8475 1609
8476 3065
8503 953
8504 3059
8505 2562
8511 784
8512 1843
8513 2561
8517 1197
8520 2550
8523 2546
8526 1838
8530 2540
8534 3057
8538 3056
8541 783
8547 1600
8549 582
8552 1572
8553 3045
8557 1835
8558 3044
8579 1543
8589 1194
8592 1427
8593 1831
8595 1830
8596 2473
8612 322
8614 3027
8615 3026
8623 3024
8625 1184
8626 3023
8628 3018
8629 2471
8630 3011
8641 1537
8643 1791
8666 589
8669 1426
8671 3010
8672 671
8676 2998
8678 2447
8680 1534
8701 829
8702 2992
8704 2425
8705 1560
8708 2984
8710 2423
8711 2413
8715 1558
8717 2981
8718 2403
8719 2979
8721 670
8725 2397
8726 2396
8727 1053
8728 2391
8730 1776
8731 2388
8732 1775
8735 2976
8737 2386
8738 2385
8739 2371
8742 1769
8768 282
8774 1150
8786 1419
8787 2975
8801 1552
8807 1548
8811 2954
8815 2354
8823 517
8824 2353
8851 527
8854 1485
8857 1531
8862 1084
8864 1527
8868 2934
8869 2933
8870 2930
8871 2326
8876 1702
8877 2929
8879 457
8881 2928
8887 2922
8888 1701
8891 2325
8916 526
8920 2916
8922 2915
8925 1696
8928 2912
8932 2892
8968 782
8969 2871
8970 2318
8972 1487
8973 2863
8976 2315
8978 1480
9017 1056
9018 1688
9020 652
9021 588
9023 2838
9025 429
9026 2836
9027 1474
9030 1454
9037 736
9038 1340
9039 2832
9053 2831
9066 967
9074 1450
9075 2279
9082 1238
9090 699
9092 1685
9093 2821
9094 2820
9095 2818
9098 2275
9099 542
9103 2263
9124 416
9125 2257
9126 1682
9127 1424
9128 2255
9130 2811
9133 2810
9135 2808
9138 2805
9143 878
9147 1678
9149 2252
9151 2801
9184 577
9188 1661
9189 1410
9194 2246
9207 1402
9208 558
9209 2240
9211 2788
9216 1643
9217 2227
9224 1638
9241 799
9248 1388
9249 2102
9255 1338
9264 1386
9265 2770
9266 2768
9267 1592
9269 2216
9273 2211
9283 875
9306 524
9312 1588
9313 988
9314 2764
9316 2178
9325 836
9327 1329
9335 2763
9337 2755
9338 2750
9341 1322
9360 630
9387 2749
9389 1583
9391 2154
9392 2153
9397 2101
9408 2144
9413 2140
9414 1580
9417 2139
9419 2748
9426 1579
9432 1382
9433 4077
9439 1209
9441 2746
9450 573
9458 1372
9459 1576
9471 170
9482 318
9483 2068
9485 2064
9486 2712
9488 2679
9491 1300
9504 2062
9511 1183
9514 2667
9517 2047
9518 2046
9522 1353
9572 4076
9579 1336
9591 523
9593 1266
9595 2629
9597 2619
9606 1153
9616 586
9618 1971
9629 456
9630 1970
9631 1968
9634 1547
9639 301
9643 1265
9647 1281
9649 1264
9656 1046
9659 1272
9710 392
9712 1933
9713 1928
9715 1220
9717 1896
9721 1886
9722 538
9723 1885
9732 1252
9735 1251
9736 1250
9755 117
9758 1505
9759 2568
9760 2565
9763 1242
9764 1175
9765 1202
9769 1488
9773 1882
9774 1195
9785 113
9800 431
9829 1103
9831 2545
9832 1860
9862 793
9863 1856
9865 2542
9867 2539
9869 1070
9870 1472
9871 1854
9889 166
9890 2531
9892 1141
9893 2530
9895 2529
9907 570
9913 1853
9915 1849
9921 1470
9922 2510
9924 1100
9937 779
9943 516
9944 2486
9946 1847
9959 1836
9962 1469
9964 1227
9968 1466
9974 1226
9979 2485
9980 1828
9983 2478
9984 1462
9986 2476
9987 2472
9988 1822
9993 1198
9994 1790
10000 2469
10002 2467
10004 1024
10022 1185
10024 1013
10026 1787
10039 515
10041 1136
10055 304
10056 1172
10062 773
10081 1005
10096 200
10113 441
10115 1784
10116 2460
10117 1036
10130 1014
10133 2459
10134 2451
10148 2450
10153 1171
10154 1783
10158 2446
10162 1780
10163 1121
10178 1772
10180 1767
10183 2443
10186 2424
10211 569
10235 602
10243 522
10246 2419
10247 2415
10251 996
10252 1759
10253 1751
10268 757
10310 587
10317 1746
10338 1119
10341 1460
10346 980
10350 449
10351 1432
10352 2410
10354 2405
10355 2404
10356 2398
10358 1431
10376 977
10381 422
10382 2383
10383 1163
10388 1742
10390 1425
10391 1741
10406 690
10407 2382
10412 1740
10427 549
10432 1737
10433 2381
10435 1420
10438 1734
10439 1414
10445 1729
10446 2352
10456 369
10458 686
10463 1727
10467 1377
10468 2336
10476 1147
10477 130
10478 2333
10490 344
10496 639
10497 2327
10499 2322
10500 1137
10501 1725
10513 1724
10514 1720
10517 2320
10519 1376
10522 2319
10524 1716
10526 2299
10532 513
10539 1120
10543 1098
10549 1115
10550 1106
10552 2295
10555 1027
10559 2293
10561 2291
10564 1104
10588 378
10590 633
10597 1019
10600 1001
10601 1715
10602 2290
10615 548
10620 1373
10623 983
10637 1708
10638 2289
10640 1705
10652 968
10655 1367
10656 1094
10657 1677
10672 1356
10676 2287
10677 1352
10679 1341
10682 1673
10684 1664
10711 2100
10719 1089
10726 623
10762 108
10763 2284
10765 950
10791 729
10792 1663
10794 1656
10801 314
10805 1314
10807 1652
10818 1629
10819 1050
10822 1610
10824 1608
10825 1566
10841 605
10842 1310
10847 2283
10850 2282
10871 519
10872 1564
10878 949
10879 1288
10880 1546
10881 2258
10884 1287
10895 546
10896 2256
10897 2253
10898 1540
10904 1532
10906 1526
10907 1517
10910 1285
10912 1279
10918 1278
10919 1511
10923 942
10925 1275
10926 310
10931 559
10936 1270
10942 508
10956 918
10966 845
10967 1499
10969 1496
10983 265
10986 2250
10990 2248
10991 2244
10996 1042
11002 1493
11009 1039
11011 595
11012 1481
11015 302
11016 1468
11017 2243
11026 841
11028 1263
11030 944
11032 1461
11034 1258
11035 2241
11037 2237
11047 1017
11052 806
11053 795
11054 1459
11066 1247
11077 498
11082 256
11093 1458
11102 933
11107 406
11108 2217
11109 1457
11112 1008
11113 1240
11114 1006
11120 1234
11121 2215
11125 1225
11132 567
11141 926
11148 555
11152 1218
11175 309
11182 995
11183 1216
11186 1214
11194 778
11196 2214
11197 1453
11199 992
11213 1196
11215 2208
11216 2207
11223 979
11227 1192
11231 760
11233 400
11241 359
11275 397
11279 1452
11280 2204
11284 976
11285 1451
11293 557
11318 540
11325 759
11328 974
11372 357
11379 338
11400 175
11401 1449
11402 973
11403 971
11405 1448
11410 1446
11411 2203
11416 565
11418 2201
11426 1188
11427 2200
11442 913
11444 1187
11445 124
11447 970
11459 2186
11461 758
11462 2184
11464 464
11465 1436
11467 2177
11468 1428
11470 1418
11472 455
11490 909
11491 1181
11493 1179
11495 1176
11502 564
11522 966
11528 1409
11537 959
11539 1173
11557 727
11561 2176
11563 2172
11566 1401
11572 1164
11577 1400
11579 2171
11583 2162
11591 327
11593 2152
11602 955
11604 879
11607 947
11609 311
11610 1162
11611 1380
11612 1379
11613 1161
11616 1378
11617 2149
11621 562
11622 1375
11623 2142
11626 1370
11629 1158
11630 873
11631 1365
11638 1360
11640 1357
11641 2134
11642 2123
11661 271
11662 940
11664 1351
11670 489
11696 294
11700 2117
11712 203
11713 2116
11718 2115
11719 2079
11721 1157
11733 536
11734 1133
11746 374
11785 252
11788 1128
11791 1126
11792 1125
11801 507
11806 1348
11808 1333
11811 737
11812 1326
11815 1325
11816 2054
11820 1315
11821 1114
11822 2052
11823 929
11824 263
11828 2051
11829 1109
11840 694
11841 2048
11842 2038
11844 1099
11861 299
11863 1305
11865 2037
11868 1097
11876 868
11878 2021
11879 2016
11891 925
11892 2015
11893 1302
11898 2009
11899 1999
11902 912
11903 1088
11910 1298
11911 1998
11919 891
11923 1997
11924 1996
11925 1043
11926 1989
11929 1987
11939 1040
11944 1297
11951 1038
11964 531
11965 1986
11967 885
11968 1985
11969 1296
11971 1984
11979 1037
11991 1983
12016 356
12017 1293
12032 859
12034 847
12040 838
12041 1982
12042 1977
12043 1290
12045 1976
12046 1975
12049 1034
12050 1974
12051 2098
12053 877
12054 1280
12056 1973
12065 1031
12066 258
12070 407
12071 1273
12074 651
12085 308
12101 188
12106 1254
12107 1253
12110 1023
12112 1235
12113 1966
12118 543
12121 1230
12122 1217
12130 483
12135 648
12141 832
12149 1018
12151 1009
12155 1002
12157 1958
12158 985
12160 984
12161 1951
12165 876
12166 982
12187 403
12192 1213
12193 1210
12212 530
12213 646
12235 643
12247 826
12248 1945
12252 1944
12256 1208
12260 1205
12262 812
12263 1940
12266 300
12268 331
12286 387
12287 975
12290 1190
12291 1934
12295 1178
12296 963
12302 1166
12306 962
12307 1144
12308 854
12311 809
12312 961
12313 960
12318 957
12320 1142
12321 1140
12324 808
12334 439
12337 1139
12338 1135
12365 366
12369 1134
12370 954
12373 1124
12380 952
12386 774
12387 1118
12389 1107
12406 383
12409 945
12411 840
12414 835
12419 943
12422 935
12423 2094
12425 823
12453 521
12458 772
12460 790
12472 463
12473 1925
12478 377
12491 511
12492 765
12496 437
12498 1095
12503 270
12504 1923
12507 1045
12512 930
12545 298
12547 1915
12551 330
12552 1093
12553 235
12554 1910
12587 509
12599 278
12606 272
12611 764
12612 788
12614 919
12615 634
12616 1090
12617 1875
12618 1080
12627 506
12637 916
12639 1028
12640 907
12641 1871
12642 1869
12644 1864
12645 904
12654 216
12659 234
12660 776
12664 993
12665 1863
12675 221
12676 1862
12678 771
12679 991
12687 371
12688 902
12689 900
12691 986
12695 899
12696 1859
12701 746
12703 956
12704 1858
12707 946
12709 938
12710 353
12712 896
12720 408
12722 262
12733 358
12735 763
12739 250
12742 740
12743 937
12745 1857
12749 1855
12751 1832
12758 882
12763 936
12781 461
12786 601
12787 880
12788 96
12797 932
12798 1817
12801 924
12802 4074
12803 923
12806 493
12842 428
12849 874
12851 453
12852 1816
12860 872
12861 869
12863 1814
12865 1813
12866 867
12868 1811
12874 484
12884 208
12885 2092
12887 1786
12927 388
12928 287
12930 735
12938 204
12940 1773
12968 348
12971 1765
12980 172
12981 1764
13008 236
13010 734
13012 922
13013 1763
13022 1762
13026 728
13029 846
13031 843
13032 906
13034 901
13035 842
13036 1749
13056 342
13060 181
13067 424
13068 1743
13096 183
13142 888
13144 813
13153 705
13164 320
13167 895
13174 696
13175 894
13177 811
13190 266
13191 1739
13196 682
13199 762
13202 1728
13205 726
13220 237
13276 25
13282 697
13283 668
13291 797
13292 1723
13310 893
13311 892
13318 794
13319 667
13320 1710
13321 1709
13322 655
13325 653
13328 158
13333 661
13334 890
13346 297
13352 155
13355 787
13357 768
13364 154
13369 128
13371 640
13384 375
13385 1707
13387 883
13388 881
13389 1706
13390 1704
13404 273
13411 153
13413 1672
13415 870
13422 222
13469 163
13470 862
13480 420
13481 1662
13482 1086
13483 1658
13485 1642
13486 858
13490 766
13493 742
13496 857
13497 1632
13498 1631
13501 855
13520 186
13521 1630
13526 1075
13528 853
13529 1627
13556 86
13558 412
13597 290
13600 851
13604 1612
13614 179
13615 733
13616 1611
13619 405
13620 1573
13621 1571
13622 837
13624 600
13625 732
13628 402
13635 627
13636 827
13641 1570
13647 396
13649 73
13651 824
13653 1567
13659 152
13664 599
13673 214
13675 1544
13677 821
13680 1542
13682 702
13683 701
13684 700
13702 393
13703 805
13704 1541
13705 1539
13711 603
13712 212
13713 800
13714 284
13717 1524
13740 164
13741 1516
13749 598
13801 448
13802 695
13813 267
13815 1514
13831 52
13832 1513
13834 1502
13837 592
13847 211
13859 151
13862 692
13864 1501
13929 444
13931 672
13932 1500
13955 105
13966 148
13970 1498
13971 798
13989 336
13990 792
13992 597
13995 541
13999 594
14003 380
14004 791
14007 578
14009 669
14020 537
14033 373
14037 1492
14051 367
14067 127
14078 496
14079 666
14089 411
14090 146
14093 398
14094 568
14096 1456
14102 210
14123 171
14128 552
14130 1455
14131 1437
14132 1429
14135 1405
14149 145
14153 350
14154 1404
14157 722
14159 786
14165 143
14170 785
14171 1394
14174 777
14175 775
14176 769
14181 268
14182 1390
14265 433
14282 755
14286 660
14302 752
14308 206
14316 658
14317 751
14319 626
14324 748
14325 747
14337 116
14338 1371
14339 1369
14340 257
14344 625
14345 1355
14346 1337
14351 112
14353 743
14357 550
14358 1332
14369 247
14370 207
14371 1328
14372 504
14373 1069
14374 503
14376 1318
14377 619
14379 2089
14383 741
14384 1317
14385 614
14403 121
14414 739
14419 328
14424 345
14430 150
14431 738
14485 123
14496 731
14497 611
14498 1316
14499 725
14500 693
14502 500
14512 251
14534 92
14540 452
14541 688
14542 192
14543 687
14547 1313
14550 685
14552 337
14558 684
14559 681
14560 680
14562 1304
14599 101
14600 1291
14606 678
14615 213
14616 665
14619 1289
14620 663
14621 657
14627 321
14628 650
14638 317
14639 1284
14647 499
14648 114
14652 606
14661 131
14662 649
14664 1283
14667 142
14690 139
14691 563
14698 1276
14707 106
14709 332
14710 324
14711 1244
14746 20
14747 556
14763 1228
14766 1044
14767 109
14770 494
14771 1224
14781 637
14807 466
14808 2087
14809 1223
14818 293
14834 162
14840 283
14841 1221
14842 1206
14843 427
14844 1193
14845 631
14854 421
14864 205
14865 491
14868 622
14869 1191
14870 275
14872 182
14886 469
14894 621
14924 2085
14932 323
14933 460
14952 79
14967 228
14969 199
14970 618
14972 418
14976 306
14982 616
14983 432
14985 1186
14990 1138
14991 613
15003 467
15005 57
15006 137
15007 1117
15010 436
15066 70
15073 1112
15081 426
15082 417
15108 122
15123 395
15125 386
15126 110
15127 612
15144 120
15145 23
15148 1047
15150 1111
15154 1105
15159 425
15160 370
15161 610
15163 296
15166 365
15170 423
15171 410
15172 1096
15173 1477
15175 360
15181 1092
15182 372
15184 58
15186 1091
15187 609
15188 1041
15189 1277
15191 1030
15192 581
15194 580
15195 352
15196 575
15197 574
15198 1026
15200 1025
15205 355
15206 1022
15208 1021
15209 545
15214 341
15217 349
15218 1020
15221 334
15227 347
15235 55
15244 333
15245 264
15246 335
15247 533
15248 495
15249 1000
15250 430
15251 989
15252 910
15253 905
15258 295
15259 898
15300 90
15301 419
15305 229
15306 889
15311 209
15316 329
15321 196
15322 887
15325 303
15329 291
15353 289
15357 95
15358 415
15365 190
15366 286
15372 133
15374 884
15382 255
15383 280
15384 413
15386 409
15387 863
15388 839
15395 59
15396 253
15399 249
15400 831
15401 796
15409 404
15413 136
15414 42
15415 770
15416 401
15418 754
15419 750
15420 394
15422 749
15423 745
15435 141
15455 98
15457 15
15477 71
15478 744
15479 248
15485 354
15495 277
15516 134
15523 346
15524 706
15528 276
15538 93
15552 75
15553 704
15559 119
15562 958
15568 227
15571 218
15572 703
15580 185
15582 176
15583 343
15585 94
15589 340
15596 246
15600 244
15608 202
15609 698
15614 156
15616 241
15617 691
15623 240
15624 689
15625 677
15626 676
15641 239
15642 326
15657 325
15659 68
15663 675
15664 274
15665 674
15666 238
15667 233
15668 232
15669 225
15678 31
15681 288
15682 189
15683 80
15685 279
15687 197
15688 673
15695 89
15706 259
15708 385
15712 583
15714 187
15715 553
15717 195
15718 551
15770 87
15774 501
15784 66
15786 245
15793 72
15799 27
15800 243
15802 492
15805 157
15814 35
15816 260
15821 230
15824 490
15829 224
15846 78
15847 242
15850 63
15880 26
15882 451
15891 53
15898 191
15899 231
15905 446
15907 414
15911 201
15912 226
15913 399
15917 174
15920 220
15931 56
15933 1061
15935 48
15938 160
15941 39
15942 391
15943 219
15947 390
15951 29
15959 24
15960 217
15961 389
15962 382
15971 9
15972 381
15973 193
15974 169
15977 363
15998 173
15999 10
16006 19
16010 138
16011 361
16013 168
16014 351
16015 339
16020 135
16022 21
16032 47
16039 88
16040 319
16041 165
16042 161
16056 30
16065 285
16067 144
16068 140
16070 281
16083 37
16084 261
16087 223
16091 99
16101 17
16102 126
16106 102
16107 198
16108 132
16109 91
16110 36
16115 129
16123 3
16124 107
16128 45
16129 103
16131 44
16148 61
16154 13
16155 194
16159 43
16162 49
16174 41
16177 34
16210 12
16213 33
16216 184
16224 100
16225 84
16226 83
16227 81
16230 178
16231 115
16232 67
16234 64
16235 54
16258 4
16261 177
16262 167
16264 85
16265 51
16266 50
16270 69
16274 1
16278 32
16280 8
16281 149
16310 6
16312 147
16314 104
16324 16
16331 28
16332 14
16333 82
16334 11
16335 76
16336 18
16338 74
16340 65
16347 0
16348 46
16349 22
16352 40
16353 7
16357 5
16358 2
16368 62
16389 1435
16393 4976
16414 2401
16415 5151
16429 5150
16433 5224
16469 2869
16470 5230
16471 5199
16475 5198
16482 4193
16483 5189
16484 5228
16485 5188
16486 5187
16495 5149
16496 5186
16498 4965
16505 5222
16506 5209
16511 4964
16513 5219
16521 4939
16523 5218
16543 4302
16545 5174
16553 4930
16554 5217
16563 4929
16565 4916
16568 4915
16570 4914
16575 5147
16576 5214
16584 4908
16589 5221
16590 2879
16594 2414
16598 4907
16607 4906
16608 5095
16609 5213
16611 4827
16620 5094
16621 5164
16622 5211
16624 5069
16640 4373
16643 5207
16644 5206
16647 5067
16648 5205
16649 5059
16651 4904
16654 1073
16655 5056
16659 5021
16674 3328
16675 5203
16676 5159
16694 4051
16696 5155
16703 4893
16708 4866
16717 4363
16718 5142
16719 5141
16722 4153
16726 5015
16727 4125
16728 4865
16729 5197
16730 2875
16741 4124
16742 5196
16743 4946
16747 5122
16749 4945
16751 5195
16754 4739
16755 4944
16756 5108
16765 4862
16766 4941
16770 4940
16778 3830
16779 5106
16783 5093
16800 5176
16801 5175
16802 5091
16803 4918
16817 3817
16818 5171
16819 5079
16820 5078
16823 4894
16830 4892
16831 4891
16834 5077
16835 5072
16837 5163
16853 4882
16858 4873
16872 4872
16876 4122
16877 4871
16881 3637
16882 3530
16886 4870
16888 4760
16889 5162
16890 5154
16891 5153
16892 5071
16899 4759
16900 4848
16906 4757
16921 3331
16922 5145
16931 3180
16932 5055
16935 4846
16937 5054
16940 4845
16941 5144
16945 5140
16946 4832
16953 4830
16955 4828
16957 5139
16958 5135
16962 5050
16963 5134
16967 3094
16971 5048
16976 3672
16994 2296
17001 4380
17006 4742
17015 4972
17016 5043
17017 5131
17019 5042
17021 5041
17022 3529
17038 1384
17039 4817
17075 2225
17076 5130
17082 4271
17086 4741
17089 4376
17090 5035
17099 5129
17113 3117
17114 5034
17116 4954
17118 5032
17120 5117
17121 5116
17122 5115
17124 4931
17125 4778
17126 5031
17127 4743
17131 4740
17134 3620
17135 5022
17137 4594
17141 5111
17149 4374
17156 4738
17157 4308
17158 4737
17161 5018
17162 5017
17163 4710
17172 3084
17173 5110
17174 5109
17178 4571
17179 5014
17180 5105
17182 5104
17187 4819
17189 4540
17191 5103
17192 4708
17194 4816
17207 4123
17208 4993
17228 2665
17231 4981
17233 4523
17235 4980
17237 5100
17240 4955
17245 4130
17248 4701
17249 5090
17250 4748
17251 5089
17252 4699
17266 3618
17268 4508
17273 4734
17274 4949
17275 5088
17276 4948
17277 4634
17280 4505
17285 3834
17286 4461
17289 4947
17290 5087
17291 4937
17293 4632
17294 4936
17297 4570
17304 4427
17306 4421
17307 5086
17308 4909
17309 5084
17330 1156
17331 5082
17337 4899
17339 5081
17341 5080
17343 4890
17345 4361
17346 4889
17359 3616
17379 3527
17382 4568
17385 2187
17388 4888
17389 4567
17392 4566
17393 4563
17394 5075
17395 5073
17396 5063
17401 5062
17403 4340
17414 3615
17419 2964
17426 4877
17439 254
17440 4869
17443 3816
17453 3674
17461 4868
17463 5047
17464 4867
17465 4528
17467 4527
17468 4855
17470 5046
17471 5045
17472 3673
17501 2876
17502 4842
17503 5039
17536 3638
17537 5030
17538 3813
17543 4339
17546 4337
17559 2873
17560 4502
17563 4820
17564 5029
17569 5028
17575 4336
17580 3603
17581 5025
17583 3812
17584 2112
17585 5024
17587 4818
17588 4490
17589 5020
17590 4814
17591 4812
17592 4811
17595 4464
17599 4810
17600 4107
17603 4321
17612 2684
17626 2190
17655 471
17665 3313
17670 4311
17681 3298
17683 4282
17688 4542
17690 5019
17692 871
17696 5011
17721 3330
17724 4792
17729 4791
17731 3198
17738 2775
17739 4408
17740 4790
17746 3789
17750 4225
17751 721
17754 4787
17755 4783
17764 3141
17778 4438
17782 4220
17785 4378
17794 4437
17797 5002
17800 4362
17804 4360
17807 1072
17808 4207
17817 4347
17818 4346
17819 4105
17821 4776
17822 5001
17823 4104
17824 4103
17825 4322
17827 5000
17828 2598
17843 4436
17848 4999
17850 4998
17851 4995
17854 4775
17859 4309
17861 4770
17864 4206
17865 4994
17874 3763
17875 4307
17878 4766
17882 4989
17884 4732
17911 3525
17918 4722
17923 4205
17924 4988
17932 2851
17933 4984
17934 4983
17935 4416
17936 4979
17937 4721
17939 4978
17944 4290
17950 4970
17951 4969
17953 4720
17956 4412
17968 3628
17979 4310
17981 4718
17984 3552
17986 4960
17988 4959
17990 4279
17991 4712
17992 4958
17994 4711
17997 3523
17999 4259
18000 4102
18001 4696
18003 4695
18008 4168
18013 3509
18030 2566
18032 4957
18034 4269
18036 4693
18037 4249
18042 4158
18051 3102
18052 4244
18065 2691
18066 4229
18067 4928
18088 2689
18091 4227
18094 4688
18095 720
18097 4926
18098 4925
18102 4128
18105 4686
18109 4264
18122 2872
18125 4217
18126 4924
18140 3522
18141 4199
18142 4192
18143 719
18144 4923
18145 4670
18151 4922
18152 4921
18154 4917
18156 4911
18158 4191
18159 4910
18160 4189
18161 4903
18171 4667
18174 4064
18182 4187
18183 4902
18185 2032
18189 4898
18193 4261
18194 4897
18195 4662
18196 4169
18208 1473
18209 4166
18210 4165
18215 2607
18217 4063
18218 4886
18222 4059
18225 1071
18227 4055
18231 4054
18233 4151
18234 4148
18235 4883
18237 4881
18238 4146
18245 4875
18246 4141
18250 4637
18256 2334
18271 2231
18275 4859
18276 4053
18278 4858
18279 4629
18282 4137
18283 4133
18286 3062
18288 4621
18297 3336
18299 4062
18314 2501
18331 2593
18337 2174
18338 4617
18340 4856
18344 4854
18365 3521
18366 4844
18370 4031
18373 4007
18375 4843
18379 4840
18381 3981
18383 4599
18388 4838
18390 4837
18396 644
18397 2576
18398 4016
18399 4836
18408 2620
18415 3952
18417 4835
18443 3975
18444 4101
18445 4833
18447 4588
18453 4081
18454 4826
18455 4825
18457 4824
18487 1385
18488 3959
18489 4822
18511 2169
18517 2078
18521 4013
18522 4804
18524 4576
18540 3520
18543 2527
18544 4572
18549 4802
18552 4565
18557 4564
18558 4801
18560 4555
18562 4001
18579 2867
18580 4553
18581 4798
18582 4797
18585 3266
18586 4793
18587 3909
18592 3936
18595 4551
18596 4548
18597 4789
18600 3908
18603 4788
18605 4786
18608 4543
18612 3907
18613 3906
18619 1897
18621 2899
18622 4541
18623 4785
18624 4535
18625 4784
18626 4532
18628 4780
18633 2842
18634 4531
18648 3878
18649 714
18658 4518
18667 3998
18668 1825
18669 4516
18676 1819
18677 4515
18681 3990
18684 3989
18685 2784
18688 4501
18719 1363
18720 3939
18721 4765
18723 3850
18724 3921
18736 2304
18739 3847
18741 2732
18742 4753
18743 2866
18745 3920
18746 4484
18751 2464
18757 2456
18758 3919
18764 3918
18771 2718
18772 4751
18778 4100
18782 3853
18783 4474
18784 4750
18788 3846
18790 4470
18791 4469
18866 38
18867 4745
18870 3754
18875 2438
18879 3835
18880 4452
18884 4451
18894 478
18895 4728
18899 3700
18904 3689
18905 4448
18908 4726
18909 4725
18910 4443
18913 3876
18920 3121
18924 2436
18940 2549
18941 4434
18942 3599
18943 292
18946 4706
18952 3598
18970 3831
18971 713
18972 4705
18973 3864
18983 3795
18984 4698
18995 3742
18996 4426
19004 4425
19011 4423
19012 3683
19013 4422
19014 3731
19015 3713
19018 4419
19019 4687
19022 3082
19023 4685
19048 2342
19051 4682
19052 4681
19059 3078
19060 4680
19061 4679
19062 4677
19064 4676
19078 3827
19080 3826
19081 3705
19084 3544
19089 3543
19090 3825
19093 3442
19101 3440
19102 4675
19107 3067
19109 3397
19110 4674
19111 4407
19114 1076
19126 4406
19131 4672
19140 2705
19143 3806
19144 3691
19145 4658
19146 3797
19147 4405
19149 4657
19150 3657
19159 3053
19161 3626
19162 4656
19164 3614
19167 4655
19168 3792
19170 4654
19179 2664
19184 4403
19204 2067
19206 3769
19207 3768
19208 3612
19215 4400
19216 712
19219 4395
19221 4652
19222 4393
19223 4650
19233 3758
19234 4649
19244 4648
19246 2031
19247 4645
19248 3749
19252 4644
19256 4642
19257 4389
19297 1613
19301 3741
19313 4382
19314 3361
19316 3610
19324 3609
19325 3737
19340 1905
19350 3736
19351 3607
19355 4631
19356 4628
19358 4372
19378 3307
19379 4626
19380 4625
19383 3729
19387 3606
19404 3051
19423 474
19433 2189
19434 4624
19440 3715
19442 3555
19443 3711
19444 3541
19445 4620
19446 1085
19447 4350
19450 4610
19451 4343
19454 3708
19457 4607
19462 3236
19463 2030
19464 4342
19466 4341
19469 4330
19473 4606
19475 3702
19489 1486
19493 3194
19495 4603
19501 3516
19502 4328
19507 4326
19509 4595
19510 4593
19517 2118
19520 3696
19521 4324
19525 3686
19527 3514
19528 3680
19544 4592
19545 1768
19548 4323
19551 3670
19553 3660
19554 4319
19557 4316
19560 3659
19562 2597
19568 3488
19569 4581
19572 4295
19573 710
19575 4579
19578 4562
19580 3470
19581 4560
19583 4293
19585 4289
19586 3518
19596 4558
19598 4286
19603 3466
19605 4284
19607 3461
19608 4275
19609 4267
19612 3019
19613 3642
19624 3452
19640 1699
19641 4265
19642 4263
19645 1057
19657 2462
19675 1282
19677 3595
19678 2559
19682 3441
19683 3507
19686 3504
19687 3384
19697 2987
19703 3473
19705 3594
19707 2518
19710 3471
19711 4554
19712 4550
19723 3159
19724 3465
19738 3156
19739 4255
19741 3097
19781 2044
19783 4538
19784 4253
19791 3092
19800 3455
19801 4537
19806 4252
19807 4251
19808 1700
19809 3453
19810 4250
19865 1108
19866 4236
19870 2111
19871 4235
19877 3063
19879 3020
19880 2993
19881 4533
19890 2968
19892 4529
19895 3376
19900 3371
19903 4525
19906 4522
19909 4230
19911 4521
19922 2894
19923 2309
19924 4512
19927 3362
19931 4511
19932 3354
19936 2945
19939 1055
19940 4222
19941 4510
19945 2888
19954 2908
19955 1967
19956 3450
19957 2238
19961 476
19962 4216
19964 2862
19974 3351
19978 3448
19980 1957
19992 1809
19996 3445
19997 4497
20000 2843
20001 4495
20002 3345
20003 3324
20004 3444
20008 4214
20014 2799
20030 2448
20031 4493
20033 3277
20035 4488
20046 1926
20052 2440
20053 4487
20059 2389
20062 3265
20064 4211
20065 4183
20066 4482
20078 3425
20084 4481
20086 4182
20089 3420
20100 1829
20101 4480
20106 4176
20108 475
20116 2330
20119 2819
20122 3247
20129 2781
20148 1774
20149 4174
20150 4173
20155 4172
20157 4170
20168 2196
20169 4161
20170 4160
20173 4150
20174 4475
20182 2235
20184 3237
20191 3393
20196 4149
20207 2125
20215 4135
20216 4134
20217 3387
20229 4127
20230 4467
20231 3386
20233 4458
20236 3377
20243 3203
20248 4115
20250 3587
20253 4112
20255 4457
20257 3372
20258 4108
20260 4455
20261 4072
20303 2096
20305 2815
20307 4071
20309 4070
20315 3183
20316 2804
20317 4441
20319 4068
20320 4440
20328 2066
20331 4432
20332 3160
20333 4431
20335 3359
20341 4430
20344 3346
20345 4066
20346 4061
20373 1647
20375 3118
20379 4411
20383 2778
20391 2180
20414 3318
20421 3303
20422 4010
20424 3104
20427 3073
20432 2776
20433 4009
20434 4006
20435 4002
20478 579
20479 3997
20489 3995
20495 3983
20511 1753
20513 3279
20515 4384
20517 3278
20519 3268
20526 3972
20528 4370
20532 2028
20533 3267
20534 708
20536 3968
20537 3966
20538 3965
20543 3264
20547 3260
20550 4369
20552 3015
20553 3961
20554 4358
20557 4356
20558 3960
20560 3958
20562 472
20567 1538
20568 3957
20569 3256
20574 4093
20576 1082
20587 2779
20595 1306
20597 3954
20599 3245
20613 1942
20616 3951
20618 3243
20620 4349
20635 473
20636 3923
20641 3922
20644 2758
20645 3899
20647 3193
20650 3897
20654 4332
20660 2985
20662 2167
20663 3190
20664 1938
20667 4325
20668 4320
20683 2155
20702 3178
20707 4317
20716 1634
20765 828
20766 4300
20772 3148
20774 1807
20775 4299
20776 4285
20779 3870
20780 2026
20781 3867
20782 3146
20783 3145
20787 2697
20792 3144
20793 4283
20803 3865
20805 4277
20806 3857
20807 3856
20808 1755
20813 4274
20827 1744
20850 1806
20853 2693
20854 3848
20879 1805
20883 4256
20884 3839
20886 3838
20892 2903
20893 3829
20902 2893
20914 3822
20915 4248
20924 1712
20925 4247
20926 3139
20934 2625
20940 2692
20942 3127
20943 3809
20947 3126
20949 3125
20952 3120
20953 3808
20954 3807
20956 4240
20959 4237
20960 3804
21012 479
21016 4228
21017 4221
21018 3396
21024 2885
21027 3781
21028 4208
21029 4202
21030 3586
21031 3780
21032 3083
21048 2642
21051 2865
21075 638
21089 1347
21090 3072
21100 2638
21101 4200
21125 1598
21130 2599
21131 4198
21142 3772
21144 4197
21149 3061
21152 3761
21154 3760
21156 3052
21157 4194
21158 3043
21159 4186
21162 2526
21165 3757
21167 3753
21169 4185
21171 3041
21177 3040
21178 1059
21184 3039
21187 3752
21190 3751
21191 4184
21194 4179
21195 2844
21199 3750
21203 2841
21205 3038
21206 4178
21220 1243
21221 3728
21281 480
21287 1649
21288 4171
21289 3725
21293 3719
21297 3718
21303 4164
21309 2796
21310 4163
21313 3014
21314 4159
21315 4155
21316 4154
21317 3716
21321 2552
21322 4147
21324 2499
21333 3712
21339 3710
21340 3699
21341 3012
21344 2498
21379 969
21386 3690
21389 2495
21390 4138
21391 3685
21401 2791
21404 3682
21407 2543
21409 2511
21432 819
21433 3665
21436 1256
21438 4136
21450 2483
21466 2508
21468 3000
21469 2994
21491 2024
21495 2445
21497 2991
21508 481
21515 3645
21523 3641
21530 3630
21531 3623
21543 2002
21544 4073
21546 4060
21547 2974
21548 4058
21549 3622
21550 2715
21554 4056
21558 2972
21560 3611
21562 3608
21563 3605
21579 4052
21583 2686
21584 3578
21587 2962
21588 4050
21592 2957
21593 4047
21594 4046
21596 3576
21608 1255
21613 2925
21614 3549
21615 4043
21621 2466
21623 4042
21629 1969
21630 3548
21634 4040
21635 3547
21638 2920
21646 1248
21650 1956
21653 2905
21657 4032
21658 4029
21660 4027
21663 3528
21665 2675
21684 2898
21695 2671
21696 3526
21697 2890
21699 2887
21705 2886
21707 2882
21708 2880
21710 2449
21712 3517
21713 3511
21718 2432
21723 2349
21727 3510
21754 1421
21755 4012
21771 1955
21772 2868
21776 2345
21777 3495
21778 2859
21779 2853
21798 1620
21799 3489
21800 2610
21806 2394
21808 2834
21809 3986
21811 3483
21814 3482
21815 1619
21816 3480
21821 3980
21823 2827
21824 1719
21825 3584
21830 2824
21831 2803
21832 1615
21847 459
21848 1802
21853 2339
21858 3973
21860 1601
21861 2020
21864 2787
21866 3964
21910 1189
21927 2548
21928 2743
21929 3456
21930 1953
21931 1151
21943 1929
21944 2544
21949 3946
21968 1914
21994 561
21995 3431
21998 2534
22000 3932
22018 1585
22021 3930
22023 3928
22028 2297
22031 3927
22032 1876
22046 1148
22048 3405
22051 2277
22074 1599
22075 3399
22082 2274
22083 1878
22087 2724
22088 3895
22100 1174
22105 3398
22108 2273
22109 3392
22110 3894
22119 2719
22129 2703
22144 1145
22147 2331
22149 3889
22177 2099
22184 1846
22188 1536
22189 3383
22190 3884
22197 2516
22199 3880
22203 2700
22224 2265
22225 3327
22233 1840
22235 2690
22239 3326
22242 1578
22244 3860
22245 3859
22246 2681
22253 3321
22254 3858
22265 1130
22269 2475
22275 2271
22278 2677
22283 3854
22284 2019
22285 3843
22290 3315
22299 2463
22309 2661
22311 3842
22312 3312
22318 2269
22319 2458
22320 1801
22321 1839
22324 4090
22325 3837
22336 1033
22366 1122
22369 1011
22371 3836
22372 3306
22375 2654
22376 2441
22377 2653
22378 3823
22379 3302
22381 3821
22382 3820
22393 2239
22394 3295
22395 2648
22404 3294
22415 1344
22421 2236
22423 520
22426 2220
22428 3805
22433 2637
22435 3803
22436 3272
22439 2633
22457 591
22462 2426
22463 2409
22464 2624
22466 2408
22476 1834
22483 1416
22487 3258
22489 2621
22493 1771
22497 2406
22502 2596
22503 3251
22504 1064
22507 2588
22523 1441
22527 576
22528 3244
22530 3241
22555 1693
22556 3231
22574 1035
22577 3229
22598 679
22599 3227
22601 3869
22603 3225
22605 3786
22609 2580
22610 2390
22611 3210
22618 2377
22620 3207
22621 2573
22644 1294
22645 3784
22691 458
22692 3756
22693 2569
22696 3200
22699 2165
22719 2369
22720 3197
22721 2557
22722 3196
22725 2365
22726 2554
22727 3195
22728 3743
22729 3740
22730 2551
22734 2541
22738 2536
22741 2018
22744 2535
22746 3191
22748 3188
22758 978
22765 3175
22766 2532
22770 3723
22771 3706
22778 1411
22779 939
22790 1393
22791 3172
22793 470
22798 2124
22806 2161
22811 3166
22815 1399
22816 3697
22826 2145
22827 3162
22830 3153
22831 2522
22832 3151
22834 2011
22836 2519
22837 1692
22839 2515
22848 3149
22876 1319
22879 2133
22887 442
22888 3678
22890 2514
22891 3669
22894 3143
22899 2129
22900 3668
22901 4087
22903 1798
22917 921
22920 3135
22927 3662
22929 3661
22937 604
22938 3656
22951 1374
22953 3133
22954 2504
22961 3130
22964 2503
22966 2335
22975 2082
22976 3653
22979 2324
22980 3129
22989 2053
22990 3128
22993 3649
23038 1058
23051 1342
23063 3122
23064 3635
23066 2484
23068 2312
23084 1960
23092 2461
23093 1917
23094 3580
23095 2435
23096 3579
23099 3119
23107 1029
23110 1311
23114 1433
23134 1324
23135 3573
23137 3113
23138 3571
23145 2433
23146 1274
23149 2310
23151 1368
23153 3111
23154 3570
23156 3568
23161 2307
23163 2431
23167 2429
23168 2422
23175 3109
23186 1848
23204 1143
23206 3103
23214 2300
23215 3089
23216 2411
23219 3086
23224 2379
23225 2378
23226 3561
23227 3560
23233 1268
23240 3557
23241 998
23246 1789
23248 3556
23256 1921
23264 3553
23266 3060
23267 3551
23293 77
23297 1907
23298 3034
23299 3537
23300 2224
23302 2356
23303 2355
23304 3513
23306 2213
23344 1007
23346 3506
23351 990
23355 2350
23363 1335
23382 434
23383 1503
23385 3503
23387 3028
23394 1750
23403 830
23409 3007
23412 3500
23416 3498
23417 2198
23418 3494
23419 3493
23420 3491
23423 1892
23424 2197
23429 2164
23441 817
23452 628
23454 3485
23458 2104
23461 2301
23462 3484
23464 2294
23465 3481
23470 1711
23471 2999
23474 2996
23476 2286
23477 2980
23480 3476
23481 1879
23485 1694
23488 920
23490 2969
23492 2276
23503 1204
23506 1851
23509 2270
23511 2090
23513 2074
23514 2014
23529 886
23530 2268
23552 1345
23553 3467
23554 2950
23555 2069
23558 2059
23559 2266
23576 2056
23577 866
23614 269
23616 3449
23620 2055
23621 3447
23622 3435
23623 2948
23628 1665
23637 934
23647 915
23648 3434
23649 856
23652 3433
23653 3430
23665 908
23672 3423
23673 2938
23674 1269
23681 1618
23683 2259
23686 3421
23687 3417
23689 2247
23693 825
23708 512
23710 2042
23712 4084
23713 2035
23714 2935
23720 1593
23721 2245
23723 1169
23727 3411
23730 2233
23741 1841
23751 2034
23757 2914
23758 2913
23759 3409
23760 3407
23770 928
23771 2909
23772 3403
23775 2907
23776 3402
23786 2904
23805 903
23806 2230
23809 2033
23810 2902
23811 2901
23812 3400
23836 1795
23841 917
23855 1159
23856 3380
23858 1995
23859 3379
23863 2889
23864 820
23866 3363
23870 1821
23880 1465
23881 3356
23883 1994
23896 1721
23901 2852
23907 1818
23909 3355
23910 3353
23912 2170
23915 767
23916 3350
23918 1950
23920 2163
23939 316
23943 1920
23944 3341
23945 2159
23946 1812
23950 2848
23967 1676
23968 2835
23970 2833
23986 1403
23989 3305
23991 2147
24001 1574
24002 3301
24009 753
24023 730
24029 1778
24032 2807
24034 2138
24057 2114
24060 2137
24097 914
24101 1760
24110 1366
24113 3288
24114 3287
24121 1918
24122 3285
24126 1551
24127 3284
24128 2785
24129 3281
24133 2771
24140 3274
24141 2762
24148 2135
24149 3273
24152 3271
24159 2132
24160 2756
24161 2752
24163 2751
24169 2747
24174 2127
24183 1358
24199 1518
24202 3257
24203 2736
24204 2122
24207 1346
24210 1868
24214 3254
24219 2731
24220 1842
24240 1102
24242 3252
24248 2720
24250 2716
24251 2707
24252 3250
24270 1321
24271 1826
24272 2678
24280 2120
24293 1177
24294 1131
24295 1820
24330 781
24332 2110
24334 2674
24340 2075
24341 3246
24371 497
24372 3240
24385 683
24398 1738
24402 1731
24412 641
24431 981
24439 1307
24444 2041
24451 2657
24453 1667
24454 2004
24456 1991
24462 3220
24463 2650
24464 3218
24470 3217
24471 1980
24474 4082
24475 1978
24477 1303
24479 4080
24489 1295
24490 3214
24499 3213
24503 2646
24504 3212
24506 1962
24559 2109
24568 964
24575 2640
24578 1691
24582 2639
24583 3187
24587 3186
24589 1675
24592 1919
24593 1670
24594 3184
24595 2617
24597 3174
24601 1657
24614 1222
24615 4079
24616 965
24617 807
24620 1909
24640 1908
24696 596
24699 1650
24705 1212
24706 972
24708 1902
24713 1494
24718 1087
24722 1648
24726 1640
24728 3154
24731 3152
24732 3147
24733 3140
24734 1900
24753 948
24762 1635
24765 1622
24781 850
24814 615
24816 2592
24819 2108
24820 3085
24833 312
24835 852
24841 849
24845 844
24846 2570
24852 1844
24860 1607
24861 1155
24870 1604
24877 822
24878 2564
24885 1200
24888 1444
24924 450
24932 1606
24939 1837
24942 2520
24943 3035
24944 2512
24955 488
24957 2496
24959 3032
24960 1561
24961 3030
24970 1443
25006 368
25034 539
25043 1535
25050 756
25053 560
25056 2470
25057 2468
25059 3009
25060 547
25062 2997
25069 2428
25080 724
25086 816
25089 1785
25091 2990
25094 1779
25095 2983
25102 1168
25107 801
25108 2105
25111 1530
25112 2978
25114 2977
25115 2387
25116 1770
25125 1556
25130 1766
25136 2367
25138 2364
25139 1555
25143 2361
25152 2360
25158 1758
25159 1553
25172 664
25176 2971
25179 2960
25180 2358
25181 2959
25189 1549
25201 865
25204 2953
25205 305
25209 1391
25211 2952
25215 1525
25217 2947
25219 2941
25220 2343
25225 1756
25226 2337
25228 1508
25229 2940
25230 2939
25231 2937
25234 1745
25235 2936
25236 1714
25250 1032
25251 2329
25271 510
25272 2918
25286 861
25287 1354
25289 502
25304 1510
25316 1343
25319 2884
25321 2323
25346 440
25354 1504
25358 2317
25359 780
25378 525
25379 2305
25382 1695
25383 2856
25387 1690
25388 2855
25396 2103
25402 997
25405 2303
25408 1479
25419 1445
25435 1312
25436 1686
25437 2830
25439 987
25440 2298
25442 662
25443 2823
25444 2292
25447 2822
25449 2285
25469 941
25470 2278
25480 911
25482 2817
25486 1684
25487 2813
25491 2261
25492 1683
25496 1442
25510 2812
25511 1680
25516 656
25526 2254
25528 1679
25531 2802
25534 2251
25537 1674
25540 645
25541 636
25543 1440
25545 1671
25553 1407
25554 1397
25557 1423
25562 1413
25565 1389
25569 647
25571 2800
25572 2249
25575 535
25582 534
25585 1350
25589 1660
25595 2777
25596 2234
25597 1654
25598 2232
25599 2226
25601 2773
25607 635
25609 2772
25610 1349
25611 1392
25614 1596
25615 2223
25628 1595
25631 1339
25644 1594
25648 1231
25649 2212
25660 1383
25661 1591
25662 2767
25663 2205
25664 2192
25667 2181
25668 2766
25674 2765
25676 2179
25678 1331
25684 1589
25698 632
25710 1587
25718 1584
25719 2761
25721 2168
25729 1308
25758 486
25777 624
25783 834
25784 2146
25785 1219
25827 2080
25829 1577
25836 620
25839 2073
25844 2745
25849 1575
25850 2072
25852 2737
25853 2734
25854 2071
25856 2714
25863 2713
25864 1301
25866 2065
25868 2710
25870 2672
25872 2670
25875 1299
25877 2063
25891 2049
25896 810
25902 529
25903 2663
25904 2659
25910 532
25911 2040
25916 572
25917 1569
25931 571
25934 2039
25937 1180
25940 2036
25948 1292
25957 1267
25958 2644
25959 2636
25962 2007
25975 2635
25977 2003
25978 1170
25980 2000
25988 1992
25996 1334
25998 1533
26004 803
26005 2616
26006 1568
26013 1565
26019 1330
26020 1965
26021 1947
26022 1943
26023 1523
26038 1483
26039 4075
26042 2612
26044 2606
26048 1271
26051 1937
26058 1236
26059 1520
26065 505
26067 1936
26088 584
26092 1260
26098 1152
26100 1901
26102 2600
26127 566
26130 1507
26132 2571
26138 1883
26141 1249
26157 1880
26159 1484
26167 1872
26168 1482
26170 1870
26171 2558
26173 1865
26176 1182
26178 1233
26180 1476
26181 1229
26190 1165
26191 2553
26193 1123
26194 1861
26196 802
