4164 447
21665 1424
24009 27
21149 4110
20086 3081
18381 2578
12691 688
13010 2164
10096 384
284 2383
8823 517
9758 3741
5851 2230
5232 5240
16368 1151
24781 2782
16014 4758
22691 366
2536 3348
1782 3809
22836 900
21549 3366
22610 504
12141 119
9313 1059
9130 5192
19931 4493
21206 3550
4081 4502
22404 4667
17819 4097
7511 1380
17039 2861
1498 2886
23064 3880
7595 4211
24568 338
9414 4297
20543 4366
23382 434
26196 1582
20100 314
25948 578
16513 2327
2490 3097
23530 4148
5218 680
17587 5174
19712 4593
19234 2410
13333 1622
10412 2849
17683 3614
19493 1440
9983 2299
20191 2228
6303 3766
2655 46
11610 2921
21339 4367
1595 339
15616 1831
16312 5025
6376 169
11898 2777
5738 3787
4021 4589
21634 1743
18276 840
18340 2892
16594 539
8254 1506
6222 4083
8541 2775
15401 5090
6024 1449
20942 3453
23452 368
7446 3345
12411 3384
25850 1142
3811 3675
19355 1925
23870 3236
16471 2641
12553 535
2136 3933
11215 5175
5412 2014
12710 1064
18003 3188
23474 3196
2991 1727
22235 4307
7935 2521
3843 2869
1669 4044
22245 2258
4432 5110
12370 3000
4115 661
4643 5102
22415 188
24765 3194
10684 4294
5402 3574
25660 1927
1550 3037
11028 4871
16676 883
10762 101
18587 2986
21832 155
14894 4852
14976 2781
16414 1324
7861 4465
4446 1249
11325 1930
9018 4279
23720 2011
20613 182
17149 2733
10499 4691
3096 163
14698 2287
23805 1890
24271 2213
6431 575
3067 4441
12423 3592
1051 5091
15306 744
3752 3142
743 820
19015 4205
14431 4364
1695 4513
3056 1638
11405 3106
5829 4024
7958 4228
15784 121
3074 4529
1430 1896
11926 4171
880 3215
19640 20
1258 2444
2185 1616
19450 4234
8920 1437
14709 1238
15712 4697
13831 1646
3291 3387
19143 3903
2771 2463
19446 1077
4552 1356
7046 3047
22428 4384
24504 4969
22242 2579
25234 3358
7025 1041
19678 3531
128 1916
1969 5155
15528 627
13600 67
24412 3416
5739 2860
7716 145
2754 4973
17724 4112
21943 1015
15305 306
18209 2121
23727 2237
8672 146
14970 3302
1594 1445
12043 3219
123 3556
22321 212
22696 2969
22603 2223
12885 3593
25062 4995
5659 1584
3681 2585
10519 191
8198 2163
22879 3275
15198 1709
3730 418
17309 1573
16083 829
17468 4783
7026 4811
12498 687
21491 392
14667 2455
15683 569
6154 2555
1013 4763
23920 1161
21755 3457
9713 419
3595 1226
14424 2687
12042 3791
19609 895
18217 1736
1154 3957
6390 1498
26132 3837
11607 2197
5065 2092
6179 452
5492 5083
11806 1870
14096 4201
16091 3279
17274 2072
19168 872
13357 4778
25179 4032
78 1504
5655 2464
17501 2185
23806 1891
5674 703
4685 3043
21321 424
7024 2505
9207 1960
15913 4329
21944 1653
9125 1458
11969 4694
25598 3757
1817 1606
14324 2966
25379 1205
4433 2603
19569 2472
9572 15
19707 1955
17174 1944
14131 4989
11528 4232
14690 3025
1044 1815
5261 5231
19932 3833
3206 4548
24280 3039
2215 4817
14403 1735
2452 4436
4727 3555
17471 4715
2614 2315
15321 1372
4365 4684
19081 4339
23712 1086
18299 4281
7098 3696
11328 1931
22225 1759
24140 2289
80 3111
4673 2060
5087 4019
5212 4203
3651 1132
18275 4221
22900 76
3684 4387
13292 1975
20319 4890
22290 1428
4427 4835
6744 3950
7543 5078
25528 669
21016 2953
26067 2358
7071 3014
15891 321
23224 1568
20547 3736
5673 2056
18194 5005
14340 1801
1008 1615
6669 4836
12130 1145
8615 4186
23063 3113
1620 374
3812 4078
9915 581
24820 5227
6434 1586
3508 2115
21142 1790
15414 2872
20255 3688
11842 4358
21130 2202
2624 4654
17470 5003
13320 1976
4966 1432
17307 4556
22574 753
748 2981
18943 720
5636 2542
15172 3407
25388 2382
17944 417
5769 1230
15455 1463
20053 3281
20064 3643
2222 4816
15667 2302
18549 178
11823 4755
3053 1858
16819 3905
12187 2066
17121 4050
5209 1602
14358 5007
14419 464
25251 649
18032 2486
6446 4746
25631 4933
9127 1868
16644 2553
13659 927
20391 1846
14154 3409
11944 2944
11285 4515
15387 4121
25902 1605
5143 1135
22555 1961
20052 793
22190 3740
21199 3003
12852 2530
17828 1257
4955 4806
20949 3768
25215 812
16333 2531
6170 4985
523 1992
9360 864
934 489
26194 404
4638 704
4195 1530
20662 565
13931 3365
26004 3313
16314 5026
17440 3483
19879 4735
17273 2804
13174 2006
7899 1100
6350 4752
26130 4016
3280 1235
18152 3337
4117 2639
19940 2512
7563 1733
21779 3325
5660 4689
25511 5069
23092 2368
21194 884
869 1236
9486 3537
8671 4719
18161 2568
16817 1439
16783 4663
19866 4670
22463 3705
21315 1455
13704 3941
13390 4977
8547 2548
18337 309
21027 853
19093 1697
22311 5046
13388 1564
16886 4991
3655 3585
24474 4104
14369 3330
24128 5079
4760 2323
8680 2499
5056 3166
2569 3505
10438 4287
19145 5039
11462 4352
8403 3397
19723 2704
10801 2156
15005 548
17592 3077
25644 4347
17285 1152
25839 4552
1833 3197
5809 1822
10991 3353
23683 1838
22719 4321
19434 3252
25491 2914
15657 731
10351 882
2591 795
7885 3738
5934 1417
5477 3822
21776 868
16032 429
23759 4727
20915 889
23409 2614
21800 1171
24203 3682
16056 105
3553 2727
25205 316
25998 2879
24713 3955
1000 576
7588 4838
12637 701
20230 1857
10637 3865
1908 4245
20434 4390
3059 1909
19677 2109
13196 979
5953 1433
16232 4643
16234 2669
15227 4893
23461 4848
11148 559
21584 3497
19581 3066
15316 1179
21910 617
21550 4030
5639 1212
19013 1293
4576 1283
1983 5041
22748 3480
11102 1272
12938 662
17746 2242
15127 2063
15353 410
19870 123
21708 3445
24371 183
25289 528
6337 1793
11630 1874
20772 3720
10926 534
1172 400
3048 2888
15974 3315
23559 962
17086 2458
25572 1305
16258 12
1854 13
19992 40
1375 54
5993 58
13929 68
25980 83
16324 88
18540 93
339 108
4743 111
6700 114
8045 115
9785 118
15184 120
20532 124
22527 125
23576 126
24199 129
26098 138
5957 141
24559 157
5052 159
899 160
20511 180
25396 187
6375 190
11861 192
18580 193
4027 198
15235 204
25931 247
4241 282
23458 289
1254 291
4255 293
5621 298
18619 310
18751 311
17385 322
7615 330
13847 331
14003 332
15244 333
24453 337
17939 351
7350 357
12380 370
3310 375
9907 383
22791 394
3441 402
12733 403
482 408
17979 411
3593 412
11026 420
11868 421
17414 422
2485 430
2949 431
14265 433
11082 456
25758 488
20644 493
24924 497
25080 498
6082 501
22369 526
3839 530
4146 531
7384 533
11910 545
17589 551
13597 561
22837 567
9643 568
580 574
676 579
2049 580
13220 582
22457 590
12422 626
22421 646
2307 650
3066 651
7991 653
10549 655
11609 656
22726 666
23511 668
25836 670
7601 684
13615 702
23909 706
12065 742
15400 745
22483 756
23880 803
2076 821
17932 830
12308 835
15935 838
19159 845
26190 847
25286 861
15144 865
10825 870
20119 873
21543 875
1356 877
1727 878
6667 880
6825 881
573 885
10896 887
5408 893
11638 901
26051 936
12545 951
5435 960
9659 980
11052 983
18595 986
6512 1016
10350 1062
20346 1080
17396 1138
10794 1140
7050 1141
10113 1143
17172 1146
7042 1147
11661 1149
15614 1150
21407 1153
16006 1156
22621 1157
22693 1158
23110 1160
7811 1166
10456 1167
11746 1168
10026 1178
23470 1180
24148 1181
11613 1187
8208 1196
18109 1202
18365 1203
4180 1209
4382 1228
23403 1232
19316 1260
25910 1262
25996 1271
14991 1273
25516 1274
2420 1281
17953 1290
4555 1297
4068 1319
8768 1320
9993 1322
16210 1323
23051 1327
4642 1328
13142 1362
15108 1363
3718 1378
12247 1402
19895 1407
3412 1414
10623 1419
12659 1422
21718 1427
3630 1430
6408 1434
7715 1436
19657 1441
320 1444
14496 1451
22770 1456
15943 1459
543 1473
8387 1481
12155 1507
7069 1531
2915 1547
17359 1550
12739 1563
1350 1567
20853 1593
20207 1599
12386 1621
22765 1629
12324 1644
12045 1658
8876 1682
2182 1687
10406 1692
14430 1721
18088 1730
11812 1734
24248 1737
10000 1739
25378 1768
22790 1777
12639 1780
25959 1786
1006 1787
8968 1788
16010 1789
24060 1791
4975 1821
16123 1823
20303 1824
1058 1825
11152 1830
9138 1855
11093 1865
2823 1866
7317 1867
11700 1875
11733 1876
12268 1878
15685 1880
16495 1881
22188 1884
22811 1886
23552 1889
1093 1908
11372 1924
22018 1926
11318 1929
12720 1932
16347 1948
2870 1959
9616 1967
11788 1991
20550 1998
6838 2045
25220 2046
15382 2057
18524 2065
4298 2069
7911 2070
8666 2078
17191 2123
10726 2155
19351 2198
20765 2199
3996 2219
24860 2229
16953 2233
10062 2235
14562 2256
9485 2285
8737 2292
15205 2300
15666 2301
20003 2312
10871 2314
7449 2316
3946 2322
920 2337
5601 2343
16765 2351
15194 2354
21864 2356
9269 2360
21167 2361
10543 2370
9217 2371
11734 2372
21608 2373
25585 2374
23503 2380
13621 2381
6427 2384
8774 2389
24252 2415
12032 2445
14619 2446
25250 2448
20046 2456
9944 2460
21341 2461
25569 2462
3068 2469
13191 2478
3265 2482
19204 2501
20344 2503
17393 2509
2001 2519
3633 2520
22278 2522
17988 2545
15600 2551
7725 2556
15435 2559
3034 2570
18399 2571
6156 2575
14165 2576
16485 2577
13328 2586
17082 2587
24592 2588
24614 2597
7625 2604
17843 2611
7578 2622
23149 2634
4301 2640
25729 2647
20667 2667
4189 2668
18373 2671
22725 2682
18271 2684
24885 2705
3547 2709
8150 2716
16274 2721
10918 2725
15571 2728
20253 2729
10496 2732
5629 2735
3228 2758
1104 2771
10183 2788
18122 2794
1029 2809
8442 2848
491 2857
1818 2859
22028 2862
23454 2863
3321 2868
7126 2883
13970 2884
3033 2887
12260 2913
21547 2919
9126 2920
18558 2922
15186 2941
21154 2943
16429 2945
25784 2946
10986 2947
22119 2949
8523 2950
3953 2956
21409 2968
17304 2985
16853 3002
15258 3019
15951 3020
6878 3021
20952 3038
24640 3042
5938 3064
16084 3065
26013 3071
12803 3075
16335 3079
3193 3099
15938 3108
8742 3112
25615 3114
15209 3119
15669 3120
24034 3132
24174 3146
1834 3165
19909 3195
12107 3199
22890 3221
450 3223
3685 3234
5485 3235
23622 3238
25229 3240
13616 3263
4000 3269
26168 3283
1599 3284
25783 3298
7592 3309
7959 3310
23883 3317
19978 3338
17099 3342
13864 3343
16041 3349
25870 3350
17306 3354
19924 3355
10004 3357
25571 3363
5444 3364
13703 3382
20515 3391
2009 3394
15882 3410
26005 3423
19877 3442
18684 3451
19313 3456
24595 3459
6943 3479
12112 3482
16155 3494
12797 3496
7586 3504
5546 3506
4371 3508
24183 3512
20884 3532
23175 3549
25662 3551
5240 3552
23240 3557
2184 3569
23866 3570
12696 3571
6807 3604
18030 3637
1436 3642
26058 3652
11066 3670
15478 3681
10445 3685
8925 3686
21184 3698
6503 3700
3878 3702
16102 3703
16584 3704
5533 3718
26193 3722
8678 3726
15626 3727
19551 3739
2879 3743
2527 3751
25661 3758
1825 3759
20940 3763
6039 3764
4293 3769
19051 3770
13497 3823
24877 3830
19936 3834
2118 3836
21340 3867
20636 3870
19383 3904
8184 3906
13036 3916
9591 3934
2186 3937
9595 3949
12017 3958
12930 3959
16941 3992
938 4018
12703 4045
5260 4046
9597 4047
4488 4051
9266 4073
23418 4111
25958 4114
15388 4120
1289 4137
13832 4154
10990 4155
6455 4178
15715 4184
925 4185
1556 4199
8118 4212
15802 4213
25130 4229
22244 4233
18370 4241
17173 4247
5661 4268
20328 4271
20558 4289
21621 4292
17343 4293
4018 4295
21821 4320
17141 4351
1656 4355
4040 4356
12414 4361
24439 4363
20537 4365
9962 4381
18721 4442
23084 4491
23553 4494
24593 4508
19380 4512
23416 4530
25649 4551
12290 4555
20031 4557
21594 4575
21024 4594
8071 4595
24202 4655
18669 4669
25545 4671
8538 4672
1560 4683
19596 4698
3989 4714
10679 4716
15208 4728
8036 4747
4495 4753
19011 4764
2123 4765
25852 4780
4954 4807
21309 4821
2981 4834
9865 4837
7590 4839
18151 4895
8054 4968
7479 4972
372 4988
12113 4990
8735 4994
19221 5002
21949 5004
5697 5006
23760 5040
20084 5047
19466 5077
5853 5082
4196 5089
20320 5103
14763 5109
23156 5176
25095 5193
20707 5228
6282 5232
10841 16
16310 19
24814 23
17113 35
18408 37
18866 38
21968 42
5564 56
7689 60
9522 63
14485 70
19738 72
23293 77
23637 78
9273 84
9325 85
9710 86
14818 87
1588 90
15814 92
2654 97
15419 104
19807 107
624 109
6610 113
9639 117
18719 122
24293 130
25201 131
16640 135
26038 137
2287 162
10235 171
16148 175
25271 186
727 189
18623 194
7442 200
7450 201
13955 203
17207 205
18286 206
23967 207
941 208
10268 222
21048 227
23186 229
24939 233
8517 250
10243 251
11785 252
20850 257
3032 265
5302 266
7768 268
18757 271
22184 272
23708 273
2752 280
10055 284
19340 287
23939 290
4748 294
11015 302
13322 303
17439 307
6465 317
6823 318
14123 320
5712 328
20168 336
2501 342
5717 344
8552 345
23038 353
1941 356
15846 358
11241 359
18487 362
21432 364
22834 367
3909 376
5107 379
22426 393
4575 397
375 399
1838 401
5287 407
3449 409
9471 416
17603 423
3420 427
10130 428
3937 432
45 435
570 437
773 438
824 439
2741 443
4846 450
12365 458
12496 459
12781 461
14807 466
17655 471
19423 474
21012 479
21281 480
23387 495
12927 502
23107 505
4632 532
13164 536
14512 538
16674 540
20774 543
2115 544
10532 547
18648 552
731 553
1186 554
1694 555
7844 557
8503 558
12085 560
16726 563
21860 566
22177 577
16729 583
21798 584
8049 586
11964 587
16694 589
2980 593
5434 594
5578 595
9889 596
16115 601
18579 602
22937 604
5510 605
6963 607
10039 608
13636 609
16696 610
19605 612
9482 615
5838 618
21630 621
163 622
950 623
6056 624
10910 625
21379 628
24023 629
25777 630
25940 631
345 632
1234 633
1997 635
2404 636
2450 637
3409 638
5134 639
9341 640
12503 641
13060 642
18208 644
23363 647
23628 648
6934 652
8116 654
15384 657
16946 658
19215 665
22966 667
3927 678
7504 683
1545 724
2074 725
9829 727
12212 729
12406 736
5672 739
7824 740
14558 743
17268 746
8710 755
14952 761
10251 772
13556 781
2155 782
5078 783
2200 788
7007 789
9188 797
12334 799
13713 800
19179 802
5136 805
7801 806
11275 807
14089 808
17778 809
21699 811
25382 813
8851 814
13008 815
22758 817
8612 818
615 819
5773 823
11604 826
15552 828
20001 831
23481 832
10590 834
16216 839
19107 841
16778 849
7533 852
25189 854
2055 855
7105 859
23841 860
4983 862
5365 863
15123 867
195 869
13801 871
4125 879
9800 886
20716 888
22848 890
22894 892
12763 894
10912 896
19783 898
21705 899
5172 917
13026 925
13205 926
26023 935
14661 948
17794 949
15329 952
18739 955
20954 956
24057 958
25006 969
25607 981
214 987
13096 1003
13520 1004
18331 1010
18736 1011
19433 1012
953 1023
5194 1024
14351 1029
15718 1030
21831 1043
2449 1047
3076 1050
7444 1056
15457 1069
18453 1074
21629 1084
24718 1087
8614 1096
22609 1097
4466 1098
5497 1099
10983 1101
17738 1102
18790 1107
20478 1108
23227 1117
11696 1122
19489 1127
25698 1131
6351 1133
5175 1136
9735 1137
26138 1139
10657 1144
9943 1148
21994 1154
25589 1162
24029 1165
13411 1169
19954 1170
22269 1172
3890 1174
12306 1176
16994 1177
15580 1184
17131 1188
22917 1189
14547 1191
25272 1193
11402 1198
12980 1199
14969 1200
16389 1201
2059 1206
6482 1207
22372 1208
12679 1210
8701 1211
20116 1215
25684 1218
13995 1220
9283 1222
18681 1225
18174 1227
26141 1229
11053 1231
3618 1237
4952 1239
23134 1241
19387 1242
22144 1243
19140 1259
22423 1282
9241 1286
22644 1294
23986 1295
26170 1296
7522 1299
8715 1300
9255 1301
20065 1302
22476 1303
23910 1304
6804 1307
1958 1309
20317 1317
9937 1321
17289 1325
21165 1326
16708 1329
17721 1335
11231 1340
12149 1341
12654 1342
20129 1343
13740 1347
14128 1349
9862 1358
11801 1359
12968 1361
8219 1370
12665 1371
20827 1374
2805 1375
836 1376
4249 1379
14834 1381
16747 1382
5695 1384
5901 1385
4416 1387
8972 1389
9419 1390
9511 1391
7882 1393
4896 1396
23741 1410
894 1413
5441 1416
11491 1420
11712 1421
21324 1423
22734 1425
24113 1429
4283 1431
7307 1435
12287 1462
17075 1464
3501 1477
12453 1483
2803 1502
8862 1503
4877 1505
24932 1508
17379 1509
2465 1510
3977 1512
18676 1521
17426 1526
1403 1528
12587 1533
14638 1534
24587 1539
1711 1545
1963 1546
18037 1569
2193 1574
5812 1585
16976 1590
17248 1591
1280 1596
16921 1598
3743 1601
7103 1627
18592 1628
14181 1659
20257 1660
124 1664
15663 1672
18788 1675
18940 1676
20567 1700
18067 1710
18297 1711
2165 1718
14176 1720
8299 1728
2630 1731
6724 1732
9432 1738
178 1744
20641 1746
24762 1747
7125 1748
23506 1760
21391 1767
3197 1769
9417 1772
15972 1773
17228 1774
5166 1779
19350 1785
25419 1794
13013 1811
17569 1813
14376 1814
12311 1818
12675 1819
16906 1820
16262 1832
16270 1840
17956 1841
20375 1842
3293 1847
8505 1849
16357 1850
25710 1852
7095 1854
23299 1869
11400 1873
11951 1877
22975 1887
23509 1888
25557 1892
25562 1893
1685 1897
21162 1907
25903 1910
24753 1914
4138 1928
5605 1938
6288 1939
25402 1946
4960 1947
14854 1949
25304 1950
12599 1969
2797 1972
2922 2001
10620 2004
11112 2005
22530 2036
9093 2037
8446 2043
1896 2044
9922 2048
8074 2061
14541 2062
7087 2067
18941 2073
20902 2074
4756 2075
4765 2076
6524 2077
11923 2079
23477 2080
13404 2097
23723 2118
11939 2122
17874 2124
3804 2125
22979 2126
6895 2149
22699 2160
20182 2183
2072 2190
14051 2209
22371 2214
10555 2220
25034 2225
4635 2226
4759 2227
21646 2231
10463 2240
22611 2246
245 2255
20618 2281
13862 2294
24330 2296
24402 2297
5835 2308
9450 2309
17189 2324
25480 2330
3207 2333
1149 2334
1217 2338
24126 2341
5597 2342
3910 2352
4284 2353
3955 2359
11629 2366
17392 2378
22989 2393
11442 2395
8069 2397
15066 2401
22888 2404
2127 2405
18612 2409
9392 2413
13384 2420
25911 2425
7090 2430
13647 2432
20424 2441
8976 2447
11557 2454
3524 2473
1674 2477
17559 2479
13199 2483
15479 2484
16837 2485
20004 2488
23204 2489
15971 2495
17599 2496
22826 2498
13813 2500
19206 2502
1408 2504
10476 2516
4875 2532
11284 2533
15206 2539
11602 2544
20616 2546
10919 2550
15608 2552
10552 2565
25988 2567
22523 2574
10588 2593
3916 2594
5729 2596
12687 2607
13711 2608
16899 2610
3006 2620
7481 2621
10652 2626
12874 2627
21614 2632
13029 2651
13622 2652
17017 2659
17161 2660
12016 2664
18250 2666
8298 2673
19356 2679
3052 2680
6711 2681
6904 2683
1914 2686
19462 2688
9732 2706
2511 2708
9066 2717
14308 2718
22722 2722
3948 2736
19703 2753
183 2761
4351 2769
2526 2779
7853 2780
21853 2783
24489 2784
884 2785
10966 2789
24699 2791
8593 2792
17923 2793
6073 2795
5202 2798
20787 2799
11979 2803
3819 2810
238 2841
16563 2845
22964 2847
1124 2858
10247 2871
22903 2875
14707 2891
25844 2915
18445 2928
25125 2931
1497 2938
16890 2939
1915 2940
2877 2942
11379 2964
12712 2965
8378 2971
26173 2980
9338 2992
12611 2993
23135 3009
11227 3017
16278 3061
24705 3062
2169 3063
22147 3067
864 3069
18920 3078
19078 3080
10352 3085
8520 3086
17126 3109
17764 3110
9629 3117
10153 3118
17984 3121
3631 3124
244 3141
4650 3143
5830 3153
6033 3177
8155 3179
23233 3180
8177 3198
17848 3204
12053 3216
10081 3224
17825 3226
11902 3237
25057 3239
396 3262
15214 3264
13859 3276
17755 3280
9984 3292
21433 3297
18782 3307
8179 3311
17564 3316
2443 3328
13702 3336
2770 3351
14033 3352
25383 3356
19457 3378
12106 3392
2340 3393
3654 3408
6185 3415
1150 3438
20495 3443
25648 3446
19501 3452
24506 3458
3452 3460
14383 3463
1992 3481
9483 3495
15998 3509
18552 3517
70 3554
9913 3572
22382 3573
15947 3575
6806 3605
17581 3632
8457 3636
20331 3644
16225 3650
1353 3679
3286 3680
6280 3683
15200 3684
12642 3697
4469 3706
23248 3721
3185 3734
17006 3742
7854 3744
11844 3745
199 3747
16935 3748
2316 3749
17124 3754
20775 3762
25114 3805
9103 3829
8428 3864
18603 3866
6918 3868
10346 3901
15687 3902
17453 3935
10677 3939
25719 3964
25977 3974
12749 3984
23686 4052
16154 4057
21814 4066
25957 4113
12046 4116
15372 4123
8504 4126
21152 4127
10906 4135
12745 4177
11929 4179
18314 4193
3431 4240
16621 4246
93 4269
16608 4270
6835 4277
2303 4506
18771 4507
23215 4597
6291 4623
2487 4642
23710 4760
25176 4786
20422 4820
8579 3
10310 4
17038 6
19607 8
4135 9
14924 10
13056 17
14982 18
23855 21
24372 22
15959 24
19865 25
23344 26
896 29
7188 30
7277 31
16766 32
16770 33
19089 39
24578 44
2846 47
17968 49
5555 55
7459 59
7712 61
8916 62
10942 66
18517 71
21075 73
22598 75
23647 79
25143 81
19791 94
22100 95
24696 96
5246 99
11223 102
12337 103
546 132
4013 133
6635 144
24110 156
4472 165
5346 166
10427 172
19297 179
20595 181
25102 185
6732 199
12806 202
23614 215
25442 216
5634 217
6864 220
7926 221
12971 223
20421 225
22393 228
2368 234
22366 236
1310 237
5125 248
8053 249
24620 253
2512 255
12101 256
20924 258
62 262
2710 264
7383 267
13276 269
17266 270
14967 275
639 278
6941 283
5385 297
8335 300
9755 301
11563 319
2620 327
18227 335
13371 347
14615 348
16498 349
17187 350
21587 352
25053 369
3922 377
6468 380
10711 385
11791 386
14864 387
17626 388
25158 395
25316 396
14627 398
13352 406
1653 440
2133 441
3372 445
15003 467
16159 469
21508 481
21847 482
22798 484
24955 486
16174 550
7209 556
6774 585
15538 588
231 591
21583 603
2558 613
2982 614
18910 616
11572 619
18065 620
18543 645
17612 659
13032 663
13364 664
3872 671
12409 672
5230 681
16020 690
20122 696
22074 699
16607 705
14067 730
17800 732
20427 734
8553 770
9649 771
17294 775
6364 778
6494 779
6857 780
25172 784
17729 792
8932 796
17536 801
2556 804
20683 810
16101 816
4515 822
11175 825
13501 837
23145 842
7245 844
7893 848
18051 850
7014 851
1425 856
811 866
20236 874
22197 876
2239 891
14534 897
4442 903
21125 908
24398 909
25896 911
260 913
2959 914
3677 915
5541 918
5794 919
5807 920
8458 922
11401 924
13989 928
14009 930
14599 931
7579 938
13190 939
13318 945
2341 946
2761 947
7204 950
18140 953
4550 965
11416 967
1488 988
1561 989
1667 990
4484 991
20315 992
22379 993
135 994
9184 998
12056 1000
12688 1002
13624 1005
14647 1006
15477 1007
16649 1009
20879 1014
4376 1017
18246 1018
25209 1019
12389 1028
19161 1042
18778 1075
20574 1081
5840 1095
7264 1103
15625 1105
15917 1106
3679 1109
15399 1114
21287 1116
574 1118
6971 1120
8224 1121
13282 1123
15409 1124
18745 1125
22778 1129
23441 1130
4766 1134
22951 1159
20517 1164
3243 1173
7985 1175
16393 1185
8824 1190
18182 1192
8067 1195
24845 1204
10041 1219
17859 1240
13470 1254
1278 1268
16743 1270
4383 1276
14344 1278
24163 1280
18983 1292
19624 1308
10895 1311
16162 1312
19019 1313
22556 1315
403 1318
11640 1333
21754 1344
24270 1346
19527 1350
25486 1352
26 1353
1407 1354
3999 1355
12373 1360
16967 1364
17308 1365
20059 1366
8305 1367
12286 1368
22771 1369
1511 1377
18193 1383
22082 1386
8063 1388
15559 1392
21588 1394
7386 1400
20148 1408
22620 1409
9075 1418
15880 1438
23256 1442
24001 1443
4588 1447
9030 1450
1229 1465
17911 1467
19184 1468
25225 1470
26127 1471
23693 1490
25204 1492
379 1493
5109 1499
2592 1511
23351 1522
24114 1524
9264 1525
11919 1527
3561 1529
9098 1532
22046 1538
19022 1551
23558 1552
23943 1555
8408 1557
11461 1562
13310 1566
23423 1572
11591 1597
13480 1603
12627 1614
23896 1626
21615 1632
9017 1634
7324 1640
8365 1641
9023 1642
12472 1645
14746 1647
16128 1648
18875 1649
20000 1651
23302 1654
23665 1655
1090 1665
2789 1666
7154 1669
14319 1671
18052 1674
25597 1678
8376 1679
13067 1681
14932 1694
20373 1699
81 1708
19781 1712
10211 1719
19219 1741
19557 1742
1248 1745
21544 1749
1323 1751
6264 1753
10490 1754
13966 1755
15311 1757
16872 1758
18521 1766
25228 1778
4525 1792
18899 1812
8471 1829
8279 1845
22899 1851
14093 1879
17135 1882
22189 1885
1321 1895
1877 1898
3873 1901
21089 1905
21156 1906
18605 1934
21158 1935
12070 1942
4868 1964
8352 1965
8231 1966
16349 1989
6891 2002
24340 2008
4493 2010
13680 2038
12110 2041
2306 2042
17754 2064
10024 2082
20587 2084
20231 2110
18772 2134
12296 2138
19146 2159
12040 2161
7463 2165
19048 2182
3323 2191
6905 2192
21653 2194
7475 2195
10931 2196
15920 2216
15850 2221
23681 2236
22439 2245
15912 2257
8215 2268
23673 2275
14286 2276
22806 2277
2394 2280
12165 2310
930 2321
18001 2329
17089 2331
19454 2332
4724 2335
6832 2336
9647 2349
18158 2350
17021 2391
19517 2392
13651 2396
8787 2398
15829 2406
19724 2411
22876 2412
16469 2414
3944 2416
12491 2418
22105 2423
8340 2427
18489 2443
19060 2459
11841 2467
23901 2468
12849 2474
2713 2481
19568 2487
19927 2490
16332 2507
17827 2510
2474 2514
16568 2517
21771 2518
4422 2525
5259 2526
7355 2527
14357 2528
18344 2529
5767 2537
21317 2540
10956 2543
10791 2549
13705 2558
2848 2564
12884 2566
281 2589
24032 2592
5352 2595
4102 2598
26176 2599
2356 2600
17419 2601
18105 2602
8134 2605
21727 2613
10376 2625
15325 2630
1519 2637
25435 2638
17991 2643
25904 2644
25050 2662
1736 2685
23137 2695
20014 2697
20089 2700
25358 2701
1405 2707
13369 2711
15821 2715
15175 2719
16265 2720
23163 2743
4032 2752
11495 2754
9946 2762
3875 2770
13153 2796
24240 2797
16543 2840
4793 2842
21220 2851
18215 2881
3511 2889
6184 2916
19442 2917
22728 2918
12742 2927
10539 2932
10388 2935
13749 2951
1098 2957
23714 2970
10850 2975
283 3022
19164 3031
20947 3052
22462 3058
20383 3070
16213 3072
24870 3073
21100 3082
21772 3083
25540 3084
16177 3087
19469 3100
8630 3101
22815 3102
9491 3104
10807 3115
21466 3116
25152 3128
19962 3133
20892 3150
3188 3152
364 3160
10391 3162
13498 3174
2124 3208
25674 3246
9890 3257
17981 3258
24332 3260
18447 3261
5529 3265
4141 3277
18237 3285
13389 3305
15960 3306
5862 3308
19642 3312
6583 3314
25668 3320
8625 3329
17583 3332
15977 3334
12263 3400
21289 3404
17290 3421
20066 3428
3850 3435
269 3437
8128 3440
9974 3441
22738 3448
6629 3449
2851 3499
1860 3500
5241 3513
18455 3545
3982 3564
7281 3580
15898 3633
839 3695
2386 3699
7695 3701
25069 3716
19801 3723
65 3724
358 3725
267 3729
6632 3730
8386 3731
14345 3732
9391 3733
1427 3746
164 3753
1025 3771
7278 3778
9248 3779
12614 3806
7650 3869
309 3936
17015 3942
20560 3945
21314 3946
22746 3956
17861 3997
3136 4007
751 4020
11108 4021
8530 4134
21144 4136
22233 4153
10116 4159
21293 4183
14809 4197
9441 4208
14841 4210
2611 4243
16620 4244
18278 4248
10514 4267
5825 4278
23146 4302
8452 4325
18586 4338
7094 4397
9979 4483
17178 4596
10792 4818
15695 4819
20379 4822
11037 4833
3466 0
937 1
5233 2
15931 5
18720 7
18233 11
24444 28
20033 41
23429 43
495 45
9458 48
13614 52
5787 57
14102 69
23770 80
1373 89
1787 91
3113 98
10524 100
12118 150
3386 164
6094 168
9124 170
15159 174
16741 176
3178 209
23151 213
18600 224
18511 235
1386 238
2720 241
1765 263
25408 277
18256 308
2293 341
25354 355
19682 372
22275 373
7645 405
17330 470
4036 660
19059 694
5116 726
10996 728
19080 733
25565 735
7104 769
321 777
11032 791
9773 798
9306 833
3827 902
14559 906
14007 929
20934 933
26100 937
23751 940
25469 941
8222 966
21495 968
11182 974
4697 996
9143 997
11107 999
12135 1001
19945 1013
205 1027
21650 1032
22336 1033
10381 1035
12842 1036
22721 1040
15081 1089
11447 1104
4364 1110
18222 1115
6421 1119
11077 1155
16521 1163
1339 1182
3164 1183
20956 1186
2661 1194
11132 1197
9980 1253
6218 1269
21995 1298
25582 1306
5061 1316
8211 1357
20647 1373
9194 1401
4814 1415
23246 1426
25056 1457
4023 1460
22394 1461
16331 1466
20702 1469
4458 1478
4989 1479
5848 1480
19675 1486
22493 1489
24833 1491
10907 1496
16575 1497
19890 1515
21560 1517
15365 1535
16931 1536
21723 1537
19109 1543
17245 1554
12478 1578
21806 1581
5366 1608
593 1613
9082 1618
2255 1637
11444 1643
21613 1661
16801 1662
8888 1680
13346 1693
7045 1703
15300 1722
15617 1723
17337 1740
385 1750
1606 1752
14377 1756
23620 1761
8589 1771
19090 1775
1508 1843
8786 1848
2042 1899
19974 1913
4353 1917
921 1933
2532 1977
13422 1988
17543 1990
11863 2040
17681 2083
17345 2104
22265 2143
25111 2145
3037 2153
9712 2154
17249 2162
12786 2166
13673 2167
2326 2180
19379 2186
2912 2187
6266 2188
26088 2189
24582 2205
3345 2238
3430 2239
10824 2251
14606 2254
414 2282
2607 2304
3450 2305
6913 2320
23836 2346
9964 2390
23485 2394
23266 2403
8161 2426
12054 2428
6638 2449
17731 2452
851 2480
9147 2506
1341 2523
4273 2524
24589 2534
23529 2563
16475 2609
13999 2628
4798 2642
2926 2657
11113 2661
13469 2665
6748 2747
3821 2830
15125 2850
882 2885
7091 2890
2085 2893
3099 2895
75 2912
14414 2948
820 2955
4483 2958
140 2982
19404 2987
3007 2988
25537 2989
21546 2990
8031 3029
113 3036
24122 3059
3721 3060
1608 3089
10467 3148
3292 3161
4052 3228
6175 3255
4781 3318
19697 3319
15395 3331
22830 3406
20155 3422
9128 3436
10719 3470
20526 3478
19903 3498
16230 3553
2080 3562
4069 3563
9090 3565
9135 3568
8310 3656
2563 3663
15495 3691
24970 3692
21927 3713
19810 3719
8301 3728
4425 3777
12158 3882
19256 3883
16227 3995
17297 3996
9893 4017
4242 4209
12318 4226
16486 4236
376 4242
3772 4256
14174 4262
15150 4333
25449 4350
3383 4430
20260 4457
25219 4468
2515 4471
14639 4475
4583 14
19084 53
18924 106
1796 161
10597 173
1658 218
4822 219
23945 232
1023 254
21657 261
24160 354
6023 371
4624 378
23907 496
11621 686
18622 693
4211 767
17808 776
8807 790
21830 794
12606 836
4708 916
6575 921
25916 934
24431 964
3716 972
8391 973
14497 975
24101 977
16506 1031
8087 1088
1116 1113
21090 1234
1265 1245
1982 1476
9092 1482
18125 1484
10969 1540
16589 1636
19900 1650
24219 1663
3418 1667
10022 1691
8367 1707
6815 1844
17394 1915
24835 1957
7895 2039
6442 2081
2993 2088
4377 2090
7013 2095
7023 2096
14872 2131
21322 2142
4289 2146
16482 2157
17990 2158
15799 2174
16511 2175
10253 2181
19023 2184
14020 2193
8047 2232
19806 2252
11426 2270
8854 2345
449 2417
21468 2429
20536 2562
8122 2623
14781 2658
23267 2663
10615 2691
24454 2696
12866 2827
20196 2828
15905 2836
22309 3005
8511 3094
10468 3184
853 3247
17231 3251
5216 3420
18972 3426
21177 3474
10878 3543
14078 3544
21401 3657
16505 3687
21450 3689
11631 3690
1962 3776
13990 3815
18913 3818
26020 3819
25962 3841
11502 3881
17818 3911
23809 3913
11903 3978
24210 3981
4959 4060
15420 4170
4275 4195
17878 4196
19800 4227
22503 4235
299 4261
9413 4284
19102 4349
510 4553
22285 4554
1985 259
9763 260
12678 460
5266 737
11670 773
11876 774
24385 978
22502 1034
18723 1233
3765 1668
2087 2086
14337 2169
5849 2170
11194 2173
14325 2178
25934 2234
5995 2247
8178 2249
6183 2344
17821 2561
16647 2631
4631 2690
12074 2692
14500 2825
10358 2898
22299 3004
24149 3147
2352 3163
24121 3171
8398 3182
4143 3369
5519 3401
26167 3405
10446 3678
15357 3817
7727 3876
23219 3912
19223 4012
192 4059
6867 4061
8801 4168
9867 4774
6030 682
12664 738
6271 2093
18396 2107
21297 2179
16039 2560
23066 2824
17918 2826
6010 2999
11293 3105
9327 3183
20554 3373
15191 3669
16570 3878
2073 3879
315 4194
3754 2829
21777 3374
22108 3375
