9572 15
4583 14
1854 13
16258 12
18233 11
14924 10
4135 9
19607 8
18720 7
17038 6
15931 5
10310 4
8579 3
5233 2
937 1
2846 47
2655 46
495 45
24578 44
23429 43
21968 42
20033 41
19992 40
19089 39
18866 38
18408 37
17389 34
17113 35
16770 33
16766 32
9522 63
8916 62
7712 61
7689 60
7459 59
5993 58
5787 57
5564 56
5555 55
1375 54
19084 53
13614 52
25866 50
17968 49
9458 48
23647 79
23637 78
23293 77
22900 65
22598 75
21075 73
19738 72
18517 71
14485 70
14102 69
13929 68
13600 67
10942 66
22100 95
19791 94
18540 93
15814 92
1787 91
1588 90
1373 89
16324 88
14818 87
9710 86
9325 85
9273 84
25143 81
23770 80
4743 111
3731 110
624 109
339 108
19807 107
18924 106
16056 105
15419 104
12337 103
11223 102
10762 101
10524 100
5246 99
3113 98
2654 97
24696 96
23576 126
22527 125
20532 124
19870 123
18719 122
15784 121
15184 120
12141 119
9785 118
9639 117
8045 115
6700 114
6610 113
6611 139
3316 140
26098 138
26038 137
19922 134
16640 135
4013 133
546 132
25201 131
24293 130
24199 129
5052 159
24559 157
24110 156
11865 147
6635 144
16148 175
15159 174
10597 173
10427 172
10235 171
9124 170
6376 169
6094 168
5740 167
5346 166
4472 165
3386 164
3096 163
2287 162
1796 161
899 160
10519 191
6375 190
727 189
22415 188
25396 187
25271 186
25102 185
24371 183
20613 182
20595 181
20511 180
19297 179
16741 176
23967 207
18286 206
17207 205
15235 204
13955 203
12806 202
7450 201
7442 200
6732 199
23297 196
18623 194
18580 193
11861 192
10268 222
7926 221
1658 218
5634 217
25442 216
23614 215
23383 210
23151 213
3178 209
941 208
1738 239
1386 238
1310 237
22366 236
18511 235
2368 234
24939 233
23945 232
23298 226
23186 229
22393 228
21048 227
20421 225
18600 224
2512 255
1023 254
24620 253
11785 252
10243 251
8517 250
8053 249
5125 248
25931 247
2566 240
18757 271
17266 270
13276 269
7768 268
7383 267
5302 266
3032 265
2710 264
1765 263
62 262
1985 259
20924 258
20850 257
12101 256
19340 287
19233 286
10055 284
6941 283
4241 282
2752 280
639 278
25408 277
14967 275
23708 273
22184 272
13322 303
11015 302
9755 301
8335 300
7717 292
5621 298
5385 297
5251 295
4748 294
4255 293
1254 291
23939 290
23458 289
6823 318
6465 317
20100 314
18751 311
18619 310
18337 308
17439 307
15305 306
18227 335
18160 329
15244 333
14003 332
13847 331
7615 330
5712 328
2620 327
8592 323
17385 322
14123 320
17187 350
16498 349
14615 348
13371 347
8552 345
5717 344
2501 342
2293 341
24568 338
24453 337
20168 336
22834 367
22691 366
21707 360
21432 364
18487 362
11241 359
15846 358
7350 357
1941 356
25354 355
23038 353
21587 352
9907 383
9895 381
6468 380
5107 379
4624 378
3922 377
3909 376
3310 375
1620 374
22275 373
19682 372
6023 371
12380 370
25053 369
23452 368
375 399
14627 398
4575 397
25316 396
25158 395
22791 394
22426 393
21491 392
17626 388
14864 387
11791 386
10711 385
10096 384
3593 412
17979 411
482 408
5287 407
13352 406
7645 405
26194 404
12733 403
3441 402
1838 401
1172 400
2949 431
2485 430
16032 429
10130 428
3420 427
24295 425
21321 424
17603 423
17414 422
11868 421
11026 420
9713 419
3730 418
17944 417
9471 416
4164 447
4046 446
3372 445
2952 444
2741 443
2212 442
2133 441
1653 440
824 439
773 438
570 437
46 436
45 435
23382 434
14265 433
3937 432
12928 463
12781 461
12678 460
12496 459
12365 458
11082 456
7956 454
6179 452
4846 450
4513 449
4511 448
21012 479
20635 478
19423 474
18894 473
17655 471
17330 470
16159 469
15003 467
14807 466
14540 465
14419 464
23387 495
22497 491
20644 493
17331 490
934 489
25758 488
25346 487
24955 486
22887 485
22798 484
21847 482
21508 481
21281 480
6411 506
4705 508
23107 505
12927 502
25080 498
24924 497
23907 496
22369 526
17997 519
8823 517
8261 514
20774 543
18668 529
17250 537
16674 540
16594 539
14512 538
13164 536
7384 533
4632 532
4146 531
3839 530
11148 559
8503 558
7844 557
7209 556
1694 555
1186 554
731 553
18648 552
16174 550
16022 546
10532 547
11910 545
2115 544
9643 568
22837 565
21860 566
16876 562
16726 563
13597 561
12085 560
231 591
22457 590
16694 589
15538 588
11964 587
8049 586
6774 585
21798 584
13220 582
9915 580
676 579
25948 578
22177 577
1000 576
6963 607
6810 606
5510 605
22937 604
21583 603
18579 602
16115 601
15585 592
13319 597
9889 596
5578 595
5434 594
2980 593
950 623
163 622
21630 621
18065 620
11572 619
21910 617
18910 616
9482 615
2982 614
19605 612
13636 609
10039 608
5134 639
3409 638
2450 637
2404 636
1997 635
1841 634
1234 633
345 632
25940 631
25777 630
24023 629
21379 628
15528 627
12422 626
10910 625
6056 624
10549 655
8116 654
7991 653
6934 652
3066 651
2307 650
25251 649
23628 648
23363 647
22421 646
18543 645
18208 644
13060 642
12503 641
9341 640
3872 671
25836 670
25528 669
23511 668
22966 667
22726 666
19215 665
13364 664
13032 663
12938 662
4115 661
4036 660
17612 659
16946 658
11609 656
12498 687
11621 686
8718 685
7504 683
6030 682
5230 681
3927 678
3853 675
12409 672
13615 702
12637 701
23721 692
22074 699
20432 697
20122 696
19059 694
18622 688
16020 690
16607 705
25565 735
20427 734
19080 733
17800 732
14067 730
12212 729
10996 728
9829 727
5116 726
2074 725
1545 724
17268 746
15400 744
14558 743
12065 742
7824 740
5672 739
12664 738
5266 737
12406 736
4211 767
2309 766
12492 762
14952 761
25978 758
8312 757
22483 756
8710 755
22574 753
5078 783
2155 782
13556 781
6857 780
6494 779
6364 778
321 777
17808 776
17294 775
11876 774
11670 773
10251 772
9649 771
12334 799
9188 797
2591 795
20052 793
17729 792
8807 790
7007 789
2200 788
17804 787
11470 785
25172 784
13008 815
8851 814
25382 813
25215 812
21699 811
20683 810
17778 809
11275 807
7801 806
5136 805
2556 804
23880 803
19179 802
17536 801
17932 830
16083 829
15552 828
11604 826
11175 825
5773 823
4515 822
2076 821
743 820
615 819
8612 818
22758 817
16101 816
26190 847
26159 843
19159 845
7245 844
19107 841
18276 835
15935 838
12606 836
10590 834
9306 833
23481 832
25286 861
23841 860
7105 859
1425 856
2055 855
25189 854
21027 853
7533 852
7014 851
18051 850
16778 849
7893 848
4125 879
1727 878
1356 877
22197 876
21543 875
20119 873
19168 869
13801 871
21776 868
811 866
15144 865
9360 864
22894 892
2239 891
20716 888
9800 886
573 885
16676 881
10351 880
25896 911
24398 909
21125 908
14691 904
4442 903
3827 902
11638 901
22836 896
14534 897
13659 927
13205 926
13026 925
11401 924
10601 923
8458 922
6575 921
5807 920
5794 919
5541 918
5172 917
4708 916
3677 915
2959 914
260 913
106 912
11183 943
22 942
25469 941
23751 940
13190 939
26100 937
26051 936
25916 934
20934 933
14599 931
14009 930
14007 929
13989 928
5181 959
24057 958
20954 956
18739 955
18140 953
15329 952
12545 951
7204 950
17794 949
14661 948
2761 947
15793 944
14497 975
11182 974
8391 973
3716 972
25006 969
21495 968
11416 967
8222 966
4550 965
24431 964
24456 961
1667 990
1488 988
214 987
15082 982
11052 983
25607 981
9659 980
24385 978
24101 977
15477 1007
14647 1006
13624 1005
13520 1004
13096 1003
12688 1002
12135 1001
12056 1000
11107 999
9184 998
9143 997
4697 996
1776 995
135 994
20315 992
953 1023
25209 1019
18246 1018
6512 1016
21943 1015
20879 1014
19945 1013
19433 1012
18736 1011
18331 1010
16649 1009
12842 1036
10381 1035
22502 1034
22336 1033
21650 1032
16506 1031
14351 1029
12389 1028
205 1027
5194 1024
7197 1044
3076 1050
22721 1040
21629 1084
20346 1080
7264 1103
17738 1102
10983 1101
7899 1100
5497 1099
4466 1098
22609 1097
20660 1094
15081 1089
8087 1088
6421 1119
574 1118
21287 1116
1116 1113
4364 1110
3679 1109
20478 1108
18790 1107
15917 1106
11447 1104
5143 1135
6351 1133
3651 1132
25698 1131
23441 1130
22778 1129
21497 1126
19489 1127
18745 1125
15409 1124
13282 1123
11696 1122
8224 1121
6971 1120
16368 1151
15614 1150
11661 1149
9943 1148
7042 1147
17172 1146
12130 1145
10113 1143
7050 1141
9735 1137
5175 1136
10456 1167
24029 1165
20517 1164
16521 1163
23920 1158
23110 1160
22951 1159
22621 1157
16006 1156
11077 1155
21994 1154
21407 1153
17285 1152
3164 1183
1339 1182
24148 1181
23470 1180
15316 1179
16994 1177
12306 1176
7985 1175
3890 1174
3243 1173
22269 1172
21800 1171
19954 1170
13411 1169
11746 1168
12980 1199
11402 1198
11132 1197
8067 1195
2661 1194
18182 1192
14547 1191
8824 1190
22917 1189
17131 1188
11613 1187
16393 1185
15580 1184
20116 1215
17875 1214
11612 1213
5639 1212
8701 1211
12679 1210
4180 1209
22372 1208
6482 1207
24845 1204
18365 1203
18109 1202
16389 1201
14969 1200
11053 1231
5769 1230
26141 1229
4382 1228
18174 1226
18681 1225
17182 1221
9283 1222
13995 1220
10041 1219
25684 1218
3063 1247
1839 1246
1265 1245
12981 1244
22144 1243
19387 1242
23134 1241
17859 1240
4952 1239
14709 1238
3618 1237
869 1236
3280 1235
18723 1233
23403 1232
25910 1262
19316 1249
19140 1259
13470 1254
9980 1253
9736 1250
14385 1275
14344 1278
25516 1274
11102 1272
25996 1271
16743 1270
6218 1269
1278 1268
22644 1294
9426 1288
9389 1285
9241 1286
2420 1281
24163 1280
10895 1311
1958 1309
6804 1307
25582 1306
25572 1305
22476 1303
20065 1302
9255 1301
8715 1300
7522 1299
23051 1327
21165 1326
17289 1325
16414 1324
16210 1323
9993 1322
9937 1321
8768 1320
4068 1319
22556 1315
16162 1312
20129 1343
12654 1342
12149 1341
11231 1340
10819 1338
19741 1330
17721 1335
5164 1331
16708 1329
11801 1359
9862 1358
4552 1356
1407 1354
26 1353
19527 1350
14128 1349
13740 1347
24270 1346
23114 1345
21754 1344
20827 1374
15321 1372
8219 1370
12286 1368
8305 1367
20059 1366
16967 1364
15108 1363
13142 1362
12968 1361
12373 1360
9511 1391
8972 1389
8063 1388
4416 1387
22082 1386
5901 1385
5695 1384
18193 1383
16747 1382
14834 1381
1511 1377
836 1376
19895 1407
18741 1398
12247 1402
9194 1401
7386 1400
6675 1399
5608 1397
4896 1396
4258 1395
7882 1393
15559 1392
21324 1423
12659 1422
11712 1421
11491 1420
10623 1419
9075 1418
5934 1417
5441 1416
4814 1415
3412 1414
894 1413
25107 1411
23741 1410
20148 1408
16817 1439
15880 1438
7715 1436
7307 1435
6408 1434
5953 1433
4283 1431
3630 1430
21718 1427
23246 1426
22734 1425
21665 1424
18042 1454
9030 1450
4588 1447
1594 1445
320 1444
24001 1443
23256 1442
19657 1441
19493 1440
26127 1471
17911 1467
1229 1465
17075 1464
15455 1463
12287 1462
20062 1487
19675 1486
18870 1474
18125 1484
12453 1483
9092 1482
8387 1481
5848 1480
4989 1479
4458 1478
3501 1477
1982 1476
1829 1475
543 1473
179 1472
8862 1503
5109 1499
16575 1497
9439 1494
379 1493
24833 1491
23693 1490
22493 1489
22464 1488
1520 1518
19890 1515
3977 1512
2592 1511
2465 1510
17379 1509
24932 1508
12155 1505
8254 1506
78 1504
15365 1535
14638 1534
12587 1533
7069 1531
4195 1530
3561 1529
1403 1528
11919 1527
9264 1525
23689 1520
23351 1522
18676 1521
19022 1551
17359 1550
8475 1548
2915 1547
1963 1546
1711 1545
19109 1543
22046 1538
21723 1537
16931 1536
16755 1565
12739 1563
11461 1562
8079 1560
17443 1559
17286 1556
8408 1557
23943 1555
17245 1554
23558 1552
26196 1582
21806 1581
12478 1578
2193 1574
23423 1572
18037 1569
20207 1599
16921 1598
11591 1597
1280 1596
20853 1593
17248 1591
16976 1590
6434 1586
5812 1585
1008 1615
12627 1614
593 1613
15911 1607
25902 1605
19150 1600
13480 1603
5209 1602
3743 1601
23896 1626
16888 1617
13333 1621
9082 1618
14746 1647
13831 1646
12472 1645
12324 1644
8365 1641
7324 1640
6158 1639
3056 1638
2255 1637
16589 1636
15170 1633
9017 1634
21613 1661
20257 1660
14181 1659
23758 1652
23665 1655
23302 1654
21944 1653
20000 1651
19900 1650
18875 1649
16128 1648
8376 1679
25597 1678
18940 1676
18788 1675
18052 1674
14319 1671
11047 1670
7154 1669
3765 1668
3418 1667
2789 1666
1090 1665
14932 1694
13346 1693
10406 1692
10022 1691
8732 1690
4080 1689
2182 1687
8876 1682
13067 1681
8888 1680
18297 1711
7045 1703
20567 1700
20373 1699
19093 1697
2991 1727
1343 1726
15300 1722
14430 1721
10211 1719
2165 1718
23394 1717
13493 1714
10600 1713
19781 1712
19557 1742
9432 1738
14403 1735
7563 1733
6724 1732
2630 1731
18088 1730
15416 1729
22225 1751
15311 1757
14377 1756
13966 1755
10490 1754
6264 1753
1606 1752
385 1750
7125 1748
24762 1747
1248 1745
178 1744
19090 1775
17228 1774
8589 1771
6160 1770
3197 1769
25378 1768
23620 1761
23506 1760
16010 1789
8968 1788
19350 1785
18879 1781
25228 1778
22790 1777
25419 1794
6337 1793
4525 1792
16123 1823
5809 1822
4975 1821
16906 1820
12675 1819
12311 1818
1044 1815
14376 1814
18899 1812
24477 1834
18995 1826
8471 1829
1058 1825
20303 1824
22899 1851
16357 1850
8505 1849
8786 1848
3293 1847
20391 1846
8279 1845
6815 1844
1508 1843
17956 1841
16270 1840
9127 1866
7317 1867
22975 1887
22811 1886
22189 1885
22188 1884
20169 1872
17135 1882
16495 1881
15685 1880
14093 1879
12268 1878
11951 1877
11733 1876
11700 1875
11630 1874
11400 1873
2042 1899
1877 1898
1685 1897
1321 1895
25562 1893
25557 1892
23806 1891
23805 1890
23552 1889
23509 1888
6558 1918
4353 1917
24753 1914
19974 1913
3059 1908
21162 1907
21156 1906
21089 1905
21158 1935
921 1933
12720 1932
11328 1931
11325 1930
11318 1929
4138 1928
25660 1927
22018 1926
11372 1924
15941 1921
25402 1946
12070 1942
6288 1939
5605 1938
9616 1967
4868 1964
22555 1961
9207 1960
2870 1959
24835 1957
21930 1952
2797 1972
12599 1969
18008 1995
5464 1993
11788 1991
17543 1990
5827 2015
23720 2011
4493 2010
24340 2008
23153 2003
13174 2006
11112 2005
6891 2002
2922 2001
22599 2000
18904 2025
6838 2045
1896 2044
8446 2043
2306 2042
12110 2041
19144 2033
8074 2061
4673 2060
19603 2055
16717 2058
15382 2057
19101 2053
7829 2050
8666 2078
6524 2077
4765 2076
4756 2075
15192 2068
7911 2070
7087 2067
12187 2066
17754 2064
7013 2095
6271 2093
4377 2090
2993 2088
2087 2086
20587 2084
17681 2083
10024 2082
6442 2081
23477 2080
20231 2110
17345 2104
13404 2097
7023 2096
22979 2126
3804 2125
17874 2124
18209 2119
23723 2118
22265 2143
15770 2141
12296 2138
20316 2128
14872 2131
16482 2157
10801 2156
10726 2155
12758 2150
19809 2147
4289 2146
25111 2145
16511 2175
15799 2174
11194 2173
14337 2169
13673 2167
12786 2166
7463 2165
22699 2160
3323 2191
2072 2190
26088 2189
6266 2188
2912 2187
17501 2185
20182 2183
19048 2182
2326 2180
14325 2178
2202 2206
24582 2205
21130 2202
20765 2199
19351 2197
10931 2196
7475 2195
22603 2223
20533 2218
15850 2221
10555 2220
15920 2216
14051 2209
3430 2239
3345 2238
23681 2236
10062 2235
16953 2233
8047 2232
21646 2231
5851 2230
24860 2229
20191 2228
4635 2226
25034 2225
23513 2224
14606 2254
19806 2252
8178 2249
5995 2247
22439 2245
17746 2242
11811 2269
11426 2270
8215 2268
23918 2267
21389 2265
17403 2262
17158 2260
20618 2281
2394 2280
22806 2277
14286 2276
20305 2273
21031 2298
15667 2301
15205 2300
24330 2296
13862 2294
7449 2316
10871 2314
20184 2307
20003 2312
12722 2311
9450 2309
5835 2308
5130 2306
3450 2305
2607 2304
4724 2335
1149 2334
17089 2331
25480 2330
5505 2328
17189 2324
4760 2323
930 2321
16765 2351
18158 2350
9647 2349
7015 2347
23836 2346
8854 2345
6183 2344
5597 2342
12735 2340
5488 2339
1217 2338
11629 2366
21167 2361
25094 2355
21864 2356
23503 2380
16013 2377
10923 2375
25585 2374
21608 2373
11734 2372
10543 2370
23092 2368
11442 2395
23485 2394
22989 2393
19517 2392
8774 2389
16469 2414
22876 2412
18612 2409
17670 2407
15829 2406
15066 2401
11792 2431
7090 2430
21468 2429
12054 2428
8340 2427
8161 2426
22105 2423
13384 2420
12491 2418
449 2417
3944 2416
12032 2445
1258 2444
24734 2434
20424 2441
17665 2440
15664 2437
7541 2436
13647 2432
2771 2463
25569 2462
17086 2458
25937 2453
20046 2456
14667 2455
11557 2454
17731 2452
25250 2448
17559 2479
1674 2477
12849 2474
18585 2465
5655 2464
15971 2495
6911 2494
122 2491
19927 2490
23204 2489
19568 2487
15479 2484
13199 2483
3265 2482
2713 2481
851 2480
18013 2508
17393 2505
16332 2507
9147 2506
1408 2504
20344 2503
19206 2502
19204 2501
13813 2500
8680 2499
22826 2498
7355 2527
5259 2526
4422 2525
4273 2524
1341 2523
22278 2522
7935 2521
3633 2520
2001 2519
21771 2518
16568 2517
10476 2516
2474 2514
19940 2512
10956 2543
2385 2541
5767 2537
24589 2534
14357 2528
15435 2559
7725 2556
6154 2555
15608 2552
15600 2551
10791 2549
8547 2548
11602 2544
6156 2575
22523 2574
3034 2570
1073 2569
25988 2567
12884 2566
2848 2564
23529 2563
281 2589
24592 2588
17082 2587
13328 2586
3681 2585
22242 2579
14165 2576
12687 2607
8134 2605
7625 2604
17419 2601
26176 2599
4102 2598
24614 2597
5352 2595
3916 2594
10588 2593
8122 2623
7578 2622
7481 2621
3006 2620
23409 2614
17843 2611
16899 2610
13711 2608
25435 2638
1519 2637
23149 2634
22489 2624
21614 2632
16647 2631
15325 2630
12874 2627
10652 2626
10376 2625
25729 2647
4798 2642
18250 2666
13469 2665
12016 2664
25050 2662
11113 2661
2926 2657
26065 2656
14424 2687
1914 2686
1736 2685
18271 2684
6904 2683
22725 2682
3052 2680
13177 2702
20014 2697
24454 2696
23137 2695
19612 2693
12074 2692
10615 2691
4631 2690
500 2689
15175 2719
14308 2718
9066 2717
15821 2715
13369 2711
3547 2709
2511 2708
9732 2706
24885 2705
19723 2704
17149 2733
10496 2732
15571 2728
10918 2725
16274 2721
6748 2747
23225 2742
23163 2743
3948 2736
3228 2758
11495 2754
21853 2783
24781 2782
14976 2780
2526 2779
12262 2776
8541 2775
1028 2774
4351 2769
20787 2799
24240 2797
13153 2796
18122 2794
17923 2793
24699 2791
10966 2789
24489 2784
17273 2804
22964 2847
16565 2844
16563 2845
15516 2843
4793 2842
238 2841
16543 2840
22028 2862
5739 2860
1124 2858
491 2857
14316 2853
21220 2851
15125 2850
25998 2875
24706 2866
3843 2869
18102 2864
3099 2895
2568 2894
2085 2893
14707 2891
7091 2890
3511 2889
3033 2886
882 2885
18215 2881
25785 2897
25086 2906
23355 2905
20553 2904
20552 2903
13971 2901
11011 2900
10458 2899
10358 2898
12742 2927
10655 2925
14933 2923
11610 2920
21547 2919
19442 2917
2877 2942
10539 2932
4483 2958
1098 2957
3953 2956
22119 2949
16429 2945
7584 2972
22696 2969
21409 2968
20002 2961
12712 2965
11379 2964
4250 2962
3876 2991
16834 3001
15258 3019
11227 3017
8216 3013
8195 3015
7071 3014
24280 3039
113 3036
19164 3031
8031 3029
14690 3025
20947 3052
4685 3043
20383 3070
22147 3067
2169 3063
24705 3062
22462 3058
16177 3087
25540 3084
21100 3082
19078 3080
18920 3078
15596 3074
24870 3073
22815 3102
19469 3100
3193 3099
2490 3097
8511 3094
6543 3091
20030 3090
10153 3118
9629 3117
21466 3116
25615 3114
17764 3110
17126 3109
15938 3108
11293 3105
9491 3104
5225 3134
24034 3132
244 3141
17688 3159
2826 3156
9327 3183
8398 3182
23233 3180
8155 3179
6033 3177
24121 3171
880 3215
17825 3226
12053 3216
23870 3236
5485 3235
3685 3234
396 3262
24332 3260
17981 3258
6175 3255
22879 3275
15214 3264
5862 3308
15960 3306
25783 3298
19697 3319
26004 3313
19978 3338
13702 3336
17583 3332
15395 3331
14369 3330
8625 3329
2443 3328
2342 3359
10004 3357
14033 3352
16041 3348
22108 3375
7802 3370
4143 3369
13931 3365
21998 3362
19964 3361
2516 3360
3291 3387
5519 3401
8403 3397
2009 3394
2340 3393
12106 3392
1611 3439
1150 3438
9634 3425
19501 3452
22738 3448
25648 3446
21708 3445
9974 3441
8128 3440
23713 3461
3452 3460
24506 3458
6506 3488
11199 3514
24183 3512
15998 3509
4371 3508
2810 3507
7586 3504
22727 3546
14078 3544
10878 3543
11537 3538
9090 3565
5240 3552
12266 3615
15589 3630
9593 3629
1436 3642
9037 3638
18030 3637
1353 3679
11066 3670
24970 3692
15495 3691
22463 3703
16584 3704
3878 3702
21184 3698
65 3724
26193 3722
8386 3731
6632 3730
267 3729
25661 3758
17124 3754
164 3753
16703 3783
18913 3818
15357 3817
15163 3812
24877 3830
4103 3871
6918 3868
11502 3881
2073 3879
16570 3878
16433 3875
7727 3876
19143 3903
10346 3901
8184 3906
17453 3935
9591 3934
2136 3933
25611 3938
17015 3942
309 3936
24713 3955
24210 3981
25977 3974
5481 3968
3849 3998
9312 4000
14747 4028
6867 4061
192 4059
4488 4051
21149 4110
22083 4122
15372 4123
25387 4131
12235 4130
8857 4129
11522 4128
19208 4157
18613 4156
22233 4153
16955 4165
11141 4190
5395 4188
18314 4193
4242 4209
12318 4226
19440 4249
1908 4245
16620 4244
2611 4243
376 4242
18370 4241
20328 4271
16608 4270
93 4269
19687 4280
18299 4281
9018 4279
21621 4292
19378 4310
16651 4311
10338 4308
21684 4322
25449 4350
18562 4360
20434 4387
19447 4388
25875 4505
24593 4508
18771 4507
2303 4506
25849 4526
25043 4524
13355 4528
14840 4700
10341 4699
23710 4755
13628 4754
21309 4821
15695 4819
2215 4817
2222 4816
12295 5119
7277 31
7188 30
896 29
24444 28
24009 27
23344 26
19865 25
15959 24
24814 23
23855 21
19640 20
16310 19
13056 17
10841 16
3466 0
8193 5238
8198 5209
24583 5237
8200 5241
24587 5236
13 5226
14 5235
8206 5234
8208 5097
24594 5233
8211 5240
24595 5239
24597 5232
24 4976
25 5231
24601 4975
27 4974
28 5230
29 5229
16415 5152
8231 5228
24615 4107
24616 2112
24617 2113
8255 5227
24640 5096
70 5200
71 5220
8263 5199
74 5198
75 5219
80 5191
81 5190
82 5218
85 5217
16470 5216
16471 5189
88 1079
8280 723
8282 5095
16475 5188
95 5187
97 5186
98 5215
16483 5179
16484 5214
16485 5178
16486 5177
8298 5225
8299 5213
8301 5174
8302 5212
16496 5173
114 5211
115 5172
8307 5094
8308 5210
8310 5208
16505 5224
123 5207
124 5169
128 4973
16513 5206
24708 5069
16523 5205
140 5151
141 4967
142 5168
24718 1087
8336 5204
24722 4966
24726 4965
24728 5203
24731 5202
24732 5201
8349 5150
24733 5197
8352 5167
161 4964
16545 5166
165 5165
16553 4963
16554 5196
8366 5195
8367 5194
8369 4939
8372 5149
8374 5068
183 5193
8375 3675
185 721
8378 5192
187 5164
188 5161
24765 5223
16576 5185
193 4933
194 5184
195 5067
197 5160
199 5159
200 3533
8395 5158
16590 2879
8400 5183
8404 5182
16598 4932
215 720
8409 5181
16609 5180
16611 5148
232 5176
8428 5059
16621 5157
16622 5175
16624 5058
24816 5156
24819 3603
24820 5171
245 5155
8437 5143
8441 5170
8442 5142
8443 5141
252 5163
253 5057
254 5162
8448 4106
8449 5056
16643 5154
8452 5153
16644 5145
16648 5144
8457 5138
24841 4752
269 5021
16654 1078
16655 5015
272 5147
24846 5137
16659 5012
24852 4991
8472 5136
8474 5140
283 5108
284 5139
8476 5135
24861 3531
16675 5134
293 5107
294 5133
299 5222
302 5106
24878 5093
312 5092
8504 5132
16696 5091
315 5131
24888 5146
8512 4946
8513 5079
8520 5078
8523 5077
8526 4945
16718 5072
16719 5071
8530 5070
16722 4729
8534 5130
16727 4379
16728 4930
16729 5129
8538 5128
16730 1809
348 5066
350 5064
351 719
352 4944
357 4929
358 5055
8549 3672
360 4943
8553 5127
16742 5126
364 4916
365 5221
8557 4941
8558 5118
16749 4940
369 5125
16751 5117
16754 4827
372 5116
373 5115
374 5114
16756 5054
24943 5113
24944 5053
380 4938
24957 5050
24959 5112
24960 4915
24961 5111
392 5110
16779 5049
16783 5048
400 5109
8593 4918
8595 4894
8596 5043
403 5105
408 5042
409 4892
410 5104
414 5103
16800 5102
16801 5101
16802 5041
16803 4891
8614 5100
8615 5099
8623 5098
8626 5090
16818 5089
8628 5088
8629 5036
8630 5087
16819 5035
16820 5034
16823 4882
16830 4873
16831 4872
8641 5124
450 5086
8643 4871
16835 5033
16837 5085
16853 4870
16858 4848
8669 4756
8671 5084
8672 4302
25056 5032
25057 5031
25059 5083
8676 5082
25060 527
8678 5023
25062 5081
16872 4846
492 3530
16877 4845
25069 5022
16881 3621
16882 3529
16886 4832
16889 5080
16890 5076
16891 5075
16892 5018
510 5017
8702 5074
8704 5016
8705 4914
25089 4830
25091 5073
8708 5063
16900 4828
8711 5014
25095 5062
523 5013
8717 5061
8719 5060
8721 4140
25108 3602
8725 4997
8726 4996
8727 1085
8728 4993
25112 5052
8730 4778
8731 4992
16922 5051
25114 5047
25115 4985
8735 5046
25116 4743
8737 4982
8738 4981
547 5123
8739 4980
16932 4955
8742 4740
16935 4738
25125 4913
16937 4953
25130 4737
16940 4716
16941 5045
25136 4952
16945 5044
25138 4951
25139 4912
16957 5040
16958 5039
25152 4950
16962 4949
16963 5038
580 4948
25159 4908
16971 4947
8787 5037
598 5030
25176 5029
25179 5028
25180 4937
25181 5027
8801 4907
17001 4739
8811 5026
17006 4906
8815 4936
628 5025
25204 5024
25205 718
17016 4935
17017 5020
17019 4920
25211 5019
17021 4919
17022 3527
25217 5011
25219 5010
25220 4909
25225 4710
25226 4901
25229 5009
25230 5008
17039 4709
25231 5007
25234 4708
25235 5006
25236 4707
8864 4905
8868 5005
677 4900
8869 5004
8870 5003
8871 4899
8877 5002
8879 477
8881 5001
17076 5000
8887 4999
25272 4998
8891 4890
17090 4889
25287 4380
25289 1282
715 4904
17099 4995
717 4994
8920 4990
25304 4893
8922 4989
17114 4888
17116 5122
733 4885
734 4988
735 4987
8928 4986
8925 4703
17118 4884
17120 4984
8932 4983
17121 4979
17122 4978
17125 4701
17127 4678
25319 4977
25321 4879
748 4971
749 4970
750 4878
751 4969
17134 3620
17137 4866
17141 4968
17156 4671
17157 4376
8969 4962
778 4634
8970 4877
17161 4876
8973 4961
782 4633
17162 4869
8976 4868
17163 4632
8978 4865
787 4867
25358 4855
17173 4960
17174 4959
25359 2538
17178 4864
17179 4852
17180 4958
800 4851
25379 4850
17191 4957
17192 4570
25383 4956
17194 5121
25388 4942
820 4842
822 4831
17208 4829
9020 3525
9021 3524
830 4820
831 4934
832 1808
833 4928
834 4569
9023 4927
9025 528
9026 4926
9027 5120
839 4818
844 4814
9038 4375
9039 4925
17231 4812
17233 4863
17235 4811
853 4862
17237 4924
855 4923
17240 4810
25436 4568
9053 4922
25437 4921
25439 4377
864 4917
17249 4911
866 4799
17251 4910
17252 4567
25440 4796
25443 4903
25444 4795
25447 4902
9074 4847
884 4792
885 4566
887 4791
888 4374
890 4790
17274 4787
17275 4898
17276 4783
17277 4563
25470 4782
17280 4760
9093 4897
9094 4896
9095 4895
9098 4781
9099 3619
17290 4887
17291 4779
17293 4547
9103 4777
25482 4886
17297 4546
914 4373
915 4776
25486 4545
25487 4883
25491 4775
25492 4527
920 4770
17304 4759
17306 4757
17307 4881
17308 4766
925 4880
17309 4875
25496 5065
9125 4764
9126 4519
25510 4874
9128 4736
25511 4517
938 4732
939 4861
9130 4860
9133 4859
9135 4858
9138 4857
25526 4722
951 4721
17337 4720
17339 4856
25531 4854
9149 4718
17341 4853
9151 4849
17343 4717
25534 4713
17346 4712
25537 4504
25541 4057
25543 4972
25545 4503
25553 4742
25554 4741
25571 4844
9189 4954
17382 4502
25575 3618
17388 4711
1006 4696
17392 4490
1010 4843
17394 4841
17395 4840
1013 4839
1014 4596
17396 4838
9208 3523
9209 4695
17401 4837
9211 4836
25589 4464
25595 4835
25596 4694
25598 4693
1024 4692
1025 4834
1026 4690
9216 4463
9217 4689
1029 4688
25599 4686
25601 4833
9224 4462
25609 4826
25610 4594
25614 4447
17426 4670
1045 4825
1048 4446
1050 4824
1051 4669
25628 4445
25631 4571
9248 4931
9249 3601
17440 4667
1059 4415
25644 4408
9265 4823
1074 717
1075 4822
9266 4815
9267 4381
1078 4748
9269 4665
17461 4664
17463 4813
17464 4663
17465 4378
17467 4366
17468 4662
17470 4809
17471 4808
17472 4363
25662 4807
25663 4661
25664 4660
1092 4651
1093 4362
25667 4647
25668 4806
25674 4805
25676 4646
1101 4643
25678 4540
1104 4639
1105 4804
1107 4803
1109 4347
17502 4638
17503 4802
9313 1083
9314 4801
9316 4637
1125 4800
25710 4346
25718 4344
9335 4798
25719 4797
9337 4794
9338 4793
25721 4630
1151 2878
1153 4789
1154 4629
17537 4788
17538 3834
1157 4309
17546 4523
1174 4623
17560 4307
17563 4621
17564 4786
17569 4785
1187 4784
17575 4520
1194 4780
9387 4774
17580 3600
17581 4773
9391 4619
9392 4618
17584 2111
17585 4772
17587 4617
17588 4306
9397 3599
17589 4771
17590 4616
17591 4615
17592 4612
25784 4611
17595 4305
17599 4602
9408 4601
17600 4105
9413 4600
9414 4298
9417 4599
9419 4769
9433 4104
9441 4768
25827 4598
25829 4297
25839 4597
1267 4509
9459 4296
25844 4767
25850 4590
25852 4765
25853 4763
25854 4589
1279 4588
25856 4762
1281 3816
25863 4761
25864 4461
1289 4291
9483 4587
1292 4290
1293 4103
9485 4586
9486 4758
9488 4753
25868 4751
25870 4750
17683 4427
25872 4749
25877 4578
17690 4747
17692 476
1311 4259
9504 4577
17696 4746
25891 4576
1322 4572
1323 4565
9514 4745
9517 4564
9518 4555
1327 4744
25903 4728
25904 4727
25911 4553
17724 4552
25917 4229
1344 4726
1346 4725
1347 4724
1350 4723
17739 4227
17740 4551
25934 4548
17750 4421
17751 716
17755 4544
1376 4719
1378 4715
25957 4361
25958 4714
1383 4706
25959 4705
25962 4543
9579 4735
17782 4355
25975 4704
17785 4217
9595 4698
1404 4340
1405 4541
9597 4697
25980 4535
17797 4691
9606 3814
17807 1073
9618 4532
1427 4531
26005 4687
1430 4518
26006 4199
17817 4192
17818 4191
17819 4102
17821 4516
9630 4515
9631 4514
17822 4685
17823 4101
17824 4100
17827 4684
17828 3617
26013 4189
26019 4734
26020 4501
26021 4500
26022 4499
26023 4187
26039 4099
9656 1072
17848 4683
17850 4682
17851 4681
26042 4680
26044 4679
17854 4496
26048 4733
17861 4492
17864 4339
17865 4677
26058 4731
26059 4169
1490 4676
26067 4489
1493 525
17878 4486
1497 4485
1498 4167
1499 4484
17882 4675
17884 4476
26092 4337
9712 4474
9715 4730
9717 4470
26102 4674
9721 4469
9722 3522
9723 4465
17918 4454
17924 4673
1549 4336
1550 4166
1551 4672
1552 4668
17933 4666
17934 4659
17935 4702
1556 4152
17936 4658
17937 4453
17939 4657
1560 4656
1561 4655
26130 4151
1563 3598
26132 4654
26138 4452
9758 4148
9759 4653
9760 4652
17950 4650
17951 4649
9763 4321
9764 1807
9765 4542
17953 4451
9769 4146
9773 4450
9774 4491
26157 4449
1589 4648
26167 4448
26168 4141
26170 4444
1595 4645
26171 4644
26173 4443
1599 4642
1600 4435
17984 3813
17986 4641
26178 4315
17988 4640
26180 4137
17990 4133
17991 4434
1608 4433
17992 4636
17994 4429
26181 4313
1613 4282
17999 4132
18000 4098
18001 4428
26191 4635
18003 4426
1621 4425
9831 4631
9832 4423
18032 4628
18034 4438
18036 4422
1656 4278
1660 4225
1662 4419
1668 4418
1669 4627
1670 4626
9863 4417
1672 4220
9865 4625
1675 4624
9867 4622
9869 1082
9870 4016
9871 4414
18066 4015
18067 4620
1695 4614
1696 4407
9890 4613
1699 4219
9892 3790
9893 4610
18091 4014
18094 4406
18095 715
18097 4609
18098 4608
9913 4405
18105 4404
1728 4207
9921 4013
9922 4607
9924 4437
18126 4606
9944 4605
9946 4403
18141 4001
18142 3999
18143 714
18144 4604
18145 4402
9959 4401
18151 4603
18152 4595
9962 3996
18154 4593
9964 4206
18156 4592
18159 4591
9968 3990
18161 4585
1782 4400
9979 4584
18171 4395
9983 4583
9984 3989
1793 4393
9986 4582
9987 4581
9988 4392
1798 4391
18183 4580
18185 2032
9994 4390
18189 4579
10000 4575
10002 4574
18194 4573
18195 4389
18196 3988
1817 4436
1818 3987
1821 4383
1822 4562
1823 4561
1825 4382
18210 3978
1832 3939
1833 4372
1834 4371
10026 4368
1836 4560
18217 4205
18218 4559
18222 4204
1840 4416
18225 1071
18231 4203
18234 3926
18235 4558
18237 4557
18238 3925
1855 4367
1857 4365
1858 713
1859 4364
1860 4556
18245 4554
1862 4550
10056 4168
18256 3616
1878 4359
1879 4549
1880 4539
10081 4412
18275 4538
18278 4537
18279 4357
1897 4343
18282 3921
18283 3920
18288 4342
1910 4341
1915 4536
1916 4330
10115 4328
10116 4534
10117 1806
10133 4533
10134 4530
18338 4327
10148 4529
18340 4525
1959 4326
18344 4522
1962 4324
10154 4323
1966 3919
1967 4319
1968 4521
1969 4316
10158 4513
10162 4295
10163 3789
1976 4512
1981 4125
18366 4511
1983 4294
10178 4293
10180 4289
1989 4162
18373 4158
10183 4510
1992 4498
18375 4497
10186 4495
1995 1067
18379 4494
18381 4113
18383 4288
2003 4287
2004 4493
18388 4488
18390 4487
2010 3918
18396 2107
18397 3276
18398 3917
18399 4483
18415 4314
18417 4482
2043 4286
2044 4065
2047 4064
2049 4284
2054 4264
10246 4481
10247 4480
2059 4479
10252 4275
10253 4267
18443 4063
18444 4097
18445 4478
18447 4266
18453 4081
18454 4477
18455 4475
18457 4473
2075 3911
2080 4265
2081 4472
18488 4055
18489 4471
2116 4261
2117 4468
2118 4467
2119 4466
2120 4460
2123 4459
2124 4458
10317 4263
2127 4457
18521 3904
18522 4456
18524 4262
2142 4195
2143 4455
2144 3597
10350 1062
10352 4442
18544 4258
10354 4441
10355 4440
10356 4439
18549 4432
18552 4257
18557 4255
18558 4431
18560 4254
2184 3902
2185 2438
2186 4430
2190 4054
10382 4424
10383 4053
10388 4253
18581 4420
10390 3898
10391 4252
18582 4413
2201 4251
18586 4411
2203 4410
18587 4034
18592 4062
18595 4250
18596 4246
18597 4409
10407 4399
18603 4398
10412 4238
18605 4397
2223 4236
18608 4235
18621 4124
10432 4232
10433 4396
18624 4231
2243 3677
10435 3882
18625 4394
10438 4230
2247 4386
2248 4385
2249 1948
2250 712
10439 3872
18628 4384
10445 4224
10446 4370
18633 3676
18634 4223
2259 4369
18649 711
10463 4222
18658 4216
10467 3864
10468 4358
18667 3828
10477 2031
10478 4356
18669 4215
18677 4214
2295 4354
2298 4212
18684 3827
18685 3674
2304 3826
10497 4353
18688 4211
10499 4352
10500 4033
10501 4196
2316 3825
10513 4183
10514 4182
10517 4351
2328 4349
2329 4181
10522 4348
2331 4345
2332 4180
2334 4176
2335 4175
10526 4338
18721 4335
2338 1066
2339 4334
18724 3824
2341 4174
2348 4333
2350 4173
2352 4332
2355 4331
2356 4329
10550 4031
18742 4325
10552 4320
18743 2877
18746 4172
10559 4318
10561 4317
10564 4030
18758 3806
18764 3797
2386 4170
2388 3796
18772 4312
18778 4096
18782 3952
18783 4161
18784 4304
18791 4160
2409 4007
2410 2876
10602 4303
10620 3793
10637 4150
10638 4301
10640 4149
2449 4095
2451 4300
2452 3944
2455 4144
2457 3596
2459 4299
10656 3977
10657 4143
2475 3792
2476 4285
10672 3788
18867 4283
10676 4277
10677 3769
2487 4276
10679 3768
10682 4135
10684 4134
18880 4127
18884 4117
2503 3749
2504 4115
2505 3748
2506 4112
18895 4274
2515 4273
18905 4109
18908 4272
18909 4268
2527 4108
10719 3976
2530 1063
2532 4260
2535 1060
2536 3975
2557 4256
2558 4072
2559 3745
2560 3416
2561 4248
2562 3967
2563 4247
18941 4071
18942 3595
18943 710
18946 4240
18952 3594
2569 4239
10763 4237
10765 3787
18970 3959
18971 709
18972 4234
18973 3741
2593 4233
2596 3739
18983 3924
10792 4070
18984 4228
10794 4069
24942 4068
18996 4067
2613 4066
2614 4049
10805 3737
10807 4048
19004 4045
2621 4094
2622 4221
2623 4092
2624 4218
10818 4038
19011 4037
19012 3943
19013 4026
10822 4025
19014 3913
10824 4023
10825 4022
19015 3910
19018 4019
19019 4213
19023 4210
10842 3736
10847 4208
2656 4018
10850 4202
2664 4201
2666 4011
19051 4200
19052 4198
19060 4197
19061 4194
19062 4186
10872 4010
19064 4185
10879 3735
10880 4009
10881 4184
10884 3720
19081 3909
10896 4179
10897 4178
10898 4006
2712 4002
10904 3997
10906 3995
10907 3991
19102 4177
2720 3717
10912 3715
19110 4171
10919 3983
19111 3982
19114 1076
10925 3714
10926 1261
2742 4164
19126 3972
10936 3711
19131 4163
2749 4159
2750 4155
2754 3908
19145 4154
2762 4147
19146 3709
19147 3971
19149 4145
2770 3907
2773 3940
2774 3593
10967 3969
10969 3966
19161 3892
19162 4142
2783 3965
2784 3708
2785 3696
19167 4139
19170 4138
10986 4136
10990 4126
10991 4121
19184 3961
2803 4120
2805 3960
2806 3958
11002 3957
11009 3850
11012 3956
2823 3847
11016 3954
11017 4119
19207 3686
19216 708
19219 3951
11028 3680
19221 4118
11030 3877
19222 3945
11032 3929
19223 4116
11034 3660
11035 4114
11037 4111
19234 4073
2851 3923
2852 3922
19244 4060
11054 3912
19246 2030
19247 4058
19248 3659
19252 4056
19256 4052
19257 3905
2879 4050
2883 3900
11093 3899
11108 4047
2917 3897
11109 3888
19301 3658
11114 3846
11120 3633
11121 4046
19313 3887
19314 3853
11125 3569
2936 4044
2938 4043
19324 3845
19325 3542
2950 4042
11152 3536
19355 4041
19356 4040
19358 3886
2981 4039
2984 3874
11186 3474
19379 4036
19380 4035
2997 3473
19383 3472
11196 4032
11197 3873
3007 3870
19404 3763
11213 3471
11215 4029
11216 4027
3037 3867
11233 1810
3048 3779
19434 4024
3053 4021
3055 3592
3058 3865
19443 3465
19444 3844
19445 4020
3062 3857
19446 1077
19450 4017
3067 4012
3068 4008
19451 3856
19454 3464
3073 4005
3074 4004
19457 4003
19462 3777
19463 2029
19464 3855
19466 3852
11279 3851
11280 3994
19473 3993
19475 3462
11284 3835
11285 3849
3100 3992
3102 3455
3105 3986
19495 3985
19502 3848
3119 3841
19507 3840
19509 3984
19510 3980
3136 3833
19520 3454
19521 3839
19525 3453
19528 3451
19544 3979
19545 524
19548 3838
19551 3450
19553 3444
19554 3829
3171 3973
3173 3970
3174 3964
19560 3437
19562 3673
3185 3963
3186 3962
19569 3953
3188 3950
19572 3822
19573 707
19575 3949
3194 3948
3195 3947
3196 3946
19578 3941
19580 3832
3199 3937
3200 3819
19581 3932
19583 3815
19585 3809
3204 3628
19586 3521
3206 3808
3207 3931
3209 3807
11403 3831
19596 3930
11405 3804
19598 3785
11410 3782
11411 3928
19608 3781
19609 3780
11418 3927
19613 3429
3231 1805
11427 3916
3239 3776
19624 3795
11444 3420
11445 2028
19641 3775
19642 3774
19645 1057
11459 3915
11462 3914
11464 3520
11465 3773
11467 3896
11468 3772
3279 3895
11472 475
3283 4091
3286 3414
3292 3894
19677 3591
19678 3519
3297 3413
11490 3707
19683 3412
11493 3408
19686 3389
3312 3388
19703 3386
3321 3385
19705 3590
19707 3671
19710 3377
19711 3893
19712 3891
11528 3767
19724 3372
3347 3890
11539 3368
19739 3766
3362 3765
11561 3889
11563 3885
11566 3761
3377 3700
3383 3884
11577 3760
3387 1804
3388 3367
11579 3883
11583 3880
19783 3866
19784 3759
11593 3863
3411 3358
11607 3742
19800 3346
19801 3862
11611 3757
11616 3752
11617 3861
19808 523
19810 3751
11622 3750
3431 3860
11623 3859
11626 3747
11631 3746
3442 3198
11640 3744
3449 3738
11641 3858
3451 3854
11642 3843
11662 3713
11664 3733
19866 3728
19871 3726
19877 3689
20233 3842
19879 3687
19880 3683
19881 3837
3502 1257
3507 3344
3508 3836
19892 3823
3516 3652
19903 3821
11713 3820
3522 3705
19906 3811
3524 3725
19909 3719
3526 3718
11718 3810
11719 3805
11721 3325
19911 3803
3532 3802
3534 3589
19923 573
19924 3801
19931 3800
19932 3657
19936 3266
3553 3716
19939 1055
19941 3799
19955 1625
19956 3323
19957 1803
19961 472
19962 3712
3594 3627
3595 3626
19980 1624
3599 3798
18626 3710
3607 3699
19996 3322
19997 3794
11806 3695
11808 3694
20001 3791
11812 3693
20004 3318
11815 3690
11816 3786
20008 3685
11820 3682
11821 3309
11822 3784
3631 3778
3632 3614
11823 3613
11824 1620
11828 3771
11829 3304
20031 3770
11840 3121
11841 3764
11842 3762
20035 3756
3652 3588
3653 3053
3654 3303
3655 3587
11844 3292
20053 3755
11863 3665
20064 3664
3682 3283
3683 3743
3684 3655
20066 3740
11878 3734
11879 3732
20078 3282
11891 3612
11892 3727
11893 3651
20084 3723
20086 3650
20089 3279
11898 3721
11899 3706
11902 3610
11903 3278
20101 3701
3718 3648
3719 516
11911 3697
3721 3646
20106 3645
20108 468
3725 3609
11923 3688
11924 3684
11925 3268
11926 3681
11929 3678
3744 3643
11939 3267
3748 3669
3750 3259
3752 3256
11944 3641
3754 3245
20149 3636
3766 3586
20150 3631
20155 3623
3772 3668
3773 3667
11965 3666
11967 3607
11968 3663
11969 3622
20157 3611
11971 3662
20170 3608
11979 3243
20173 3605
20174 3661
11991 3656
3811 515
3812 4090
20196 3604
3814 3585
3818 3242
3819 3654
3820 4089
3821 3653
3824 4088
3825 3578
3826 3576
12017 3572
20215 3562
20216 3559
20217 3221
12034 3442
3844 3649
3845 3647
20229 3558
20230 3644
12040 3381
12041 3640
3850 3639
3851 3635
3852 3554
12042 3634
12043 3549
12045 3632
12046 3625
12049 3193
3858 3606
12050 3624
12051 3584
20236 3190
20243 3555
20248 3548
20250 3583
20253 3547
20255 3580
3873 3539
12066 1619
3875 3579
20258 3535
3877 2027
20260 3577
12071 3532
20261 3528
3910 3575
12107 3526
3917 3181
12112 3517
12113 3574
20307 3511
20309 3510
12118 1802
12121 3499
12122 3497
20317 3573
20319 3496
20320 3571
3939 679
3946 3570
20331 3568
20332 3541
20333 3567
20335 3178
3955 3170
20341 3566
12151 3169
20345 3495
3964 3148
3965 3492
12157 3564
3967 3490
12158 3146
12160 3145
12161 3563
12165 3516
12166 3144
3980 3489
3982 3561
3983 3142
3988 3560
3989 3557
3990 3139
20375 3515
20379 3556
3996 3307
3998 3127
3999 3553
4000 3551
12192 3483
12193 3482
4015 3480
4017 3479
4018 3478
4019 3475
4021 3468
12213 3051
4023 3126
4027 3550
20414 3125
4032 3463
4033 3120
4034 3459
4037 3456
4038 3443
20422 3436
4040 3545
20433 3432
4051 3112
4052 3540
20435 3431
12248 3537
12252 3534
12256 3427
12260 3424
4069 3513
12263 3506
4081 3098
20479 3422
12290 3419
12291 3505
4104 3470
20489 3418
4106 3466
4110 3406
12302 3405
20495 3404
12307 3399
4116 3503
4117 3398
12308 3384
12312 3096
12313 3083
4128 3502
12320 3390
12321 3383
20513 3076
20515 3501
20519 3072
4139 3376
4141 3371
20526 3382
4144 3374
20528 3500
12338 3366
4148 3364
20534 316
20536 3335
20537 3333
20538 3327
20543 3071
20547 3064
20550 3498
20554 3494
20557 3493
20558 3326
20560 3321
12369 3315
12370 3061
20562 462
4181 3491
4182 3042
4183 3487
20568 3312
20569 3041
4186 3486
4189 3310
20574 4093
20576 1070
12386 3286
12387 3302
4196 3485
4199 3354
4213 3040
20597 3297
20599 3038
12411 3351
12414 3349
12419 3037
12423 3582
20616 3296
12425 3345
20620 3484
4245 3295
4247 3021
4249 3294
4252 3481
20636 3293
4254 3477
20641 3280
4259 3272
4261 3476
4262 3469
4263 3016
4264 3270
4265 3012
4266 3261
4267 3467
12458 3224
4269 3005
12460 3324
20647 3002
4272 3457
20650 3251
20654 3449
4275 3194
4276 3447
4278 3435
20662 2560
20663 3000
12473 3434
20664 572
20667 3433
4284 3244
20668 3430
4286 3317
4288 3277
4290 3428
4293 2994
4298 3265
4301 3241
4302 3247
12504 3426
12507 1054
20702 2989
4319 2974
12512 2973
20707 3423
4354 2026
4355 1065
12547 3421
12551 1988
12552 3239
12553 1256
12554 3417
4365 3415
4366 3411
4372 3231
4376 3237
4379 2963
4380 3230
20766 3410
4383 3409
20772 2926
20775 3407
20776 3403
20779 3229
20780 2024
20781 3227
20782 2921
20783 2887
20792 2882
20793 3402
12611 3167
12612 3203
20803 3225
12614 2880
12615 3050
12616 3219
4425 3093
4426 3210
4427 3400
4428 2868
12617 3396
12618 3209
4431 3160
4432 3395
4433 3207
20813 3391
4446 3150
12639 3202
12640 2861
12641 3380
12642 3379
4451 3201
12644 3378
12645 2859
4467 3373
4468 3200
4469 3363
12660 3068
20854 3199
12665 3356
4484 3197
4485 3196
12676 3355
4490 3004
4495 3353
12689 2834
12691 3195
20883 3350
20884 3192
20886 3191
12695 2829
12696 3347
20892 2986
12701 2985
20893 3188
12703 3176
4512 315
12704 3343
12707 3175
12709 3173
12710 1068
20902 2967
20914 3172
20915 3342
20925 3341
20926 2827
12743 3166
12745 3340
4554 3165
4555 3162
20940 3049
12749 3339
20942 2824
12751 3337
20943 3153
20949 2803
20952 2798
20953 3151
12763 3149
20956 3334
20959 3320
4576 3316
20960 3143
12787 2792
12788 2023
12797 3136
12798 3311
12801 3135
12802 4087
12803 3133
4625 3305
4630 2790
21016 3301
4633 3300
4634 2787
21017 3299
21018 3291
4638 3290
4639 2091
4640 2786
4641 3131
4642 3289
4643 3288
21024 2951
21028 3287
21029 3285
21030 3581
21032 2759
4650 3130
4656 2753
12851 457
12852 3284
21051 2931
12860 2744
12861 2741
12863 3281
12865 3274
12866 2739
12868 3273
12885 2114
12887 3271
4700 3129
4702 3128
4703 1801
4704 2726
21090 2724
4712 3269
4713 3092
21101 3263
4727 2924
12930 2865
21131 3257
12940 3254
4750 3123
4755 1052
21142 3122
4759 3119
21144 3253
4766 3115
21152 3113
21154 3111
4771 3048
4773 1800
4774 2846
4775 3107
21157 3252
4777 2740
21159 3250
12971 3249
4781 2723
4782 1956
21169 3248
21171 2703
21177 2700
21178 1059
21187 3106
21190 3103
21191 3246
21194 3240
21195 2735
21199 3089
13010 2675
4819 3086
13012 3081
13013 3238
4822 3077
21203 2671
21205 2699
4825 3047
4826 3075
21206 3233
4828 3060
13022 3232
4834 1074
4835 3055
4836 3228
13029 2698
21221 3054
13031 2681
13034 3046
13035 2677
13036 3223
4847 2655
4870 2654
4875 2653
13068 3222
4877 2651
4878 3034
21288 3220
21289 3033
21293 3028
21297 3022
21303 3218
21310 3217
21313 2648
21314 3214
21315 3213
21316 3212
21317 3008
21322 3211
25405 3007
21333 3006
13144 2633
4954 3208
4955 3206
21339 3003
21340 2999
4958 2596
4959 3205
4960 2996
21341 2584
21344 3020
4966 2583
4967 2995
13167 2988
4983 2980
13175 2970
4988 2580
13191 3204
21386 2966
13196 2628
21390 3189
21391 2955
13202 3187
21401 2578
21404 2950
21433 2948
21436 1255
21438 3186
5055 3185
5056 2946
5057 2944
5059 3184
5060 3174
5061 3168
5062 3164
5065 2109
21450 2993
5067 520
5081 3163
5083 2943
5084 2938
21469 2573
5087 2935
13283 2533
13291 2572
13292 3161
13310 2914
5119 3158
13311 2913
13318 2557
13320 3157
13321 3155
5131 4086
21515 2911
13325 2475
5137 3154
21523 2910
13334 2909
5144 2907
21530 2902
21531 2896
5156 2888
21544 3152
5162 1955
21546 3147
21548 3140
13357 2554
5166 2547
21549 2883
21550 2439
21554 3138
21558 2536
21560 2854
21562 2852
21563 2849
5182 2848
5184 2535
13385 3137
13387 2839
13388 2837
13389 3124
13390 3101
21579 3095
21584 2835
5202 2532
21588 3088
21592 2515
21593 3085
5210 1064
5211 2513
5212 2408
21594 3079
21596 2833
5216 2509
5218 2828
13413 3069
13415 2826
5227 2493
5228 2825
13422 1954
5231 3066
5232 2816
21615 3065
21623 3059
5241 3057
21634 3056
21635 2814
21638 2492
5255 2809
5256 2807
5257 2806
5260 3045
5261 3044
5262 3035
5267 2488
5268 2795
21653 2461
5271 2402
21657 3032
21658 3030
21660 3027
21663 2785
13481 3026
13482 4085
13483 3024
13485 3023
13486 2771
13490 2442
13496 2762
13497 3018
13498 3011
13501 2757
21695 2400
21696 2756
21697 2435
21705 2433
21710 2987
21712 2752
13521 3010
21713 2751
13526 4084
13528 2738
13529 3009
21727 2731
5353 2399
5355 2730
5359 2729
5360 2998
5361 2997
5363 2390
5364 2992
5365 2990
5366 2727
5367 2369
13558 2982
21755 2984
5387 2983
21772 2422
5392 1616
21777 2722
21778 2421
21779 2411
5400 2981
5402 2979
5404 2720
5406 2978
5407 1248
5408 2716
5409 2977
5411 2379
5412 2022
5413 2976
13604 2975
5415 2971
21799 2707
5417 2378
13616 2960
5425 2819
21808 2376
5427 2959
13619 2908
13620 2954
13621 2953
13622 2701
5432 2952
13625 2359
21809 2947
5435 2357
21811 2678
21814 2676
21815 549
21816 2674
21821 2941
21823 2348
21824 571
13635 2365
5444 2669
5445 2668
5446 2660
21825 2108
21830 2332
13641 2940
21831 2302
21832 548
13649 518
13651 2658
13653 2939
21848 1799
5465 2288
5466 2937
5468 2815
5469 2286
13664 2778
21858 2936
5477 2652
5478 2266
5479 2934
21861 2020
21866 2933
5483 2650
13675 2930
13677 2649
5486 2929
13680 2928
5490 2922
13682 2264
5492 2918
13683 2259
13684 2222
5503 2363
5511 2362
13703 2646
13704 2916
13705 2915
13712 1953
13713 2645
13714 313
13717 2912
5529 2313
5533 2643
5542 2892
5543 2194
21927 2310
5545 2884
5546 2871
5547 2170
5548 2863
13741 2856
21928 2163
21929 2641
21931 513
13749 2213
21949 2855
20645 2640
5570 2159
5571 2158
5575 2151
5577 2838
5579 2836
5601 2639
5602 2618
5606 2617
13802 2148
21995 2615
22000 2832
5622 2613
13815 2831
5626 2609
5629 2210
5631 2603
5632 2602
5636 2830
22021 2823
22023 2822
13832 2821
13834 2820
13837 2760
22031 2818
22032 2874
5656 2198
5659 2137
5660 2592
5661 2817
22048 2591
5667 2136
5668 2688
13859 158
22051 2673
13864 2813
5673 2164
5674 2812
22075 2590
5697 2811
5698 2810
22087 2135
22088 2808
22109 2582
22110 2805
5729 2132
5730 2802
5731 2801
5738 2781
13932 2800
22129 2127
22149 2788
5771 1839
5774 2777
13970 2773
13990 2581
13992 2074
22190 2772
13999 2069
14004 2577
5814 2770
22199 2768
22203 2122
5825 2059
5826 2767
5828 2562
5829 2766
5830 2561
14020 2497
5838 2550
5839 2546
5840 2540
22224 2297
5843 2121
14037 2765
5849 2120
22235 2004
5853 2764
22239 2496
22244 2763
22245 2761
22246 1981
22253 2473
22254 2755
14079 1980
14089 2274
14090 155
22283 2750
22284 2019
22285 2749
14094 2056
14096 2748
22290 2471
22299 2035
22309 1978
22311 2746
22312 2470
22318 2694
22319 2034
22320 1798
22321 1412
5938 1963
14130 2745
14131 2737
14132 2734
22324 4083
14135 2714
22325 2713
5957 3518
14149 154
5960 1994
14153 2219
14154 2712
14157 3869
14159 2468
5973 2447
14170 2425
14171 2710
14174 2413
14175 2403
14176 2397
22371 2679
14182 2672
22375 1962
22376 1979
22377 1949
22378 2670
22379 2396
22381 2667
22382 2663
6008 2391
6009 1950
6010 2388
22394 2387
6012 2193
22395 1922
22404 2386
6024 2385
6031 2371
6037 2659
6039 2644
22423 512
22428 2636
22433 1919
22435 2635
22436 2367
6064 2511
6072 2629
6073 2364
6075 1912
6076 2466
6077 153
6078 2619
6079 2616
6081 2360
6082 2612
22466 1920
14282 2358
6095 1911
22487 2354
14302 2353
22503 2343
22504 1058
22507 1909
14317 2337
14324 2329
22528 2326
14338 2606
14339 2600
14340 1797
22530 2325
14345 2571
14346 2568
6159 2318
6161 2565
14353 2317
14358 2558
25649 2315
6170 2303
6172 2457
6176 2292
14370 1796
14371 2553
14372 1916
14373 4082
14374 1868
6184 2545
6185 2542
14379 2105
6190 1842
14383 2285
14384 2539
22577 2279
22601 1081
6219 1904
22605 2531
6222 4080
14414 2278
6226 2275
22610 1833
22611 2263
6229 2261
22618 1827
22620 2257
14431 2255
22645 2530
6265 2529
6280 2161
6282 2510
6290 2486
6291 2251
6300 2485
6301 2873
6303 2246
14496 2240
6305 2133
14498 2478
6307 2476
14499 2234
14500 2227
14502 1782
22692 2472
22693 1903
6315 2212
6316 2469
6317 1736
22719 1698
22720 2211
22722 2192
6340 1049
22728 2467
22729 2460
22730 1902
14541 2181
6350 152
14542 312
14543 2179
6354 2459
6355 2168
6356 2451
22741 2018
14550 2154
14552 2130
22744 1900
22746 2153
22748 2144
14559 2140
14560 2139
14562 2450
20805 2446
20806 2073
6380 2443
22765 2072
20807 2071
22766 1894
22770 2424
6387 2103
6388 2102
6389 2065
6390 2419
20808 151
22771 2415
22779 507
14600 2410
22793 305
6423 2405
14616 2063
6427 2449
14619 2404
14620 2062
14621 2049
6431 2047
22816 2398
14628 2046
6443 1657
22827 2040
6446 2383
14639 2382
6448 2381
22830 2039
22831 1852
22832 2036
6455 2352
6456 4079
14648 1051
22839 1838
14652 1837
22848 2007
14662 1992
14664 2336
6503 2129
22888 2333
14698 2327
22890 1835
22891 2322
6513 1971
22901 4078
14710 2384
14711 2320
22903 1795
6525 4077
6527 2319
6529 1941
6530 1831
6532 1830
6533 1791
6534 2299
6535 2295
22920 1970
6538 2341
6541 1779
22927 2293
6544 2017
22929 2291
22938 2290
6556 1776
22953 1968
22954 1766
14763 2289
14766 1048
14767 304
6576 1965
22961 1947
14770 1635
6579 2287
14771 2284
6583 3314
14781 1943
22976 2283
22980 1937
22990 1936
22993 2282
14808 2101
14809 2258
6626 1758
6627 1702
6628 1623
6629 2256
6631 2253
6638 2272
6641 2250
6642 1701
6648 1628
14841 2248
14842 2244
14843 1696
14844 2243
14845 1901
14854 1695
6666 1622
6667 1688
6669 2241
14865 1609
14868 1896
14869 2237
14870 1606
23063 1883
23064 2217
23066 1686
23068 1604
14886 1561
23084 1485
6701 2215
6702 2214
6703 1685
14894 1870
6706 2208
6707 1684
6708 522
6709 2207
23093 2271
6711 1683
23094 2204
23095 1643
23096 2203
23099 1865
6726 2201
6735 1519
6737 1861
6738 2200
6744 2186
6746 1595
23135 2184
23138 2177
23145 1594
23146 148
23154 2176
23156 2172
6776 2171
23161 1558
14970 1860
14972 1592
23167 1589
23168 1588
14982 1856
14983 1553
23175 1854
14985 2162
14990 2152
14991 1853
6806 1836
6807 1828
6808 1549
6813 1336
15005 146
15006 521
15007 2149
15010 1046
23206 1790
6824 1334
6825 1787
6828 2142
6830 455
23214 1339
6832 2134
23215 1784
23216 1587
6835 2123
23219 1783
23224 1584
23226 2117
23227 2116
23240 2115
23241 2106
6858 1583
6859 1580
6863 1780
6864 1772
23248 2079
6868 4076
6878 1579
23264 2054
15073 2052
23266 1767
23267 2051
6884 2048
6888 1577
6892 299
6895 2038
6896 1308
6905 1759
6907 510
6908 1746
6913 2037
6914 1741
23299 2021
23300 1292
6919 2016
6920 1576
23303 1575
23304 2009
23306 1267
15123 1568
15126 542
15127 1740
6943 1737
6944 1266
15145 2099
15148 4075
15150 1999
15154 1998
23346 1997
15160 1523
15161 1734
6973 1996
15166 1507
15171 1265
15172 1989
15173 2100
15181 1987
15182 1264
15186 1986
15187 1725
15188 1985
15189 2098
15191 1984
23385 1983
15194 1724
15195 1470
15196 1720
15197 1716
15198 1982
15200 1977
7010 1469
7011 1976
15206 1975
15208 1974
15209 1715
7024 1466
7025 1973
7026 1708
15217 1260
15218 1966
15221 1460
23412 1958
23416 1951
23417 1252
23418 1945
15227 1251
23419 1944
23420 1940
7038 1705
7039 1432
23424 1227
7046 1495
7053 1934
15245 1053
7055 1925
15246 1115
15247 1677
7058 1673
15248 1664
15249 1923
15250 1663
15251 1915
15252 1910
15253 1871
15259 1869
23454 1864
7072 1373
23461 1352
23462 1863
23464 1314
23465 1862
23471 1656
7088 1629
23474 1610
23476 1310
7093 1608
7094 1859
7095 1566
7096 2094
23480 1858
7098 1287
7103 1857
7104 1564
23488 535
23490 1540
23492 1279
7109 1532
15301 1526
15306 1855
7126 1517
15322 1832
23514 2014
23530 1263
15353 1042
15358 1496
23553 1817
23554 1468
23555 1039
15366 1258
23559 1234
15374 1816
15383 1017
15384 1461
23577 534
7194 808
15386 1459
15387 1813
15388 1811
15396 1216
7206 1786
15399 1196
15401 1773
15413 765
15414 2872
15415 1765
15418 1764
15420 1458
15422 1763
15423 1762
23616 1749
23621 1743
23622 1739
23623 1457
7246 1453
7247 1162
23648 1728
7265 1008
15457 4074
7267 1452
23649 309
23652 1723
23653 1710
7278 1709
7280 1451
7281 1707
15478 1706
23672 1704
23673 1449
23674 2870
15485 1448
23683 1161
23686 1672
23687 1662
7309 1658
7311 760
23712 1086
23714 1446
15523 1428
15524 1642
23727 1632
23730 1128
7356 1631
7357 2013
15553 1630
15562 2092
23757 1409
23759 1627
15568 759
23760 1612
15572 1611
23771 1380
23772 1573
15582 1406
15583 1379
23775 1378
23776 1571
23786 1375
15609 1570
15616 1114
15617 1567
23809 979
23810 1365
23811 1357
23812 1544
15623 1043
15624 1542
15625 1541
15626 1539
7444 1056
7446 976
7447 511
15641 1038
15642 1351
7452 1524
15657 1348
15659 453
7468 1516
15663 1514
23856 1513
15665 1502
15666 1037
23858 971
15668 985
7477 1333
15669 984
7479 764
23859 1501
23863 1298
7482 1500
7483 1498
23864 128
7485 963
15678 127
23866 1492
15681 1297
15682 643
15683 570
15687 962
15688 1456
23881 1455
23883 970
7506 960
7510 1296
7511 1293
15706 1290
7515 840
15708 2089
23901 1273
15712 1437
15714 2087
7523 957
7524 1403
7525 1075
15715 1429
15717 954
15718 1405
23909 1404
23910 1394
23912 945
23915 116
23916 1390
7534 1371
7536 1369
7542 1355
7543 1217
7546 598
23944 1337
23946 763
23950 1205
7572 1332
7573 1328
7579 1178
15774 1318
23968 1166
7585 1144
23970 1142
7588 1317
7590 1316
7592 935
7594 1313
7595 1140
7596 1304
7597 1139
15786 1134
7601 1095
7602 907
7603 1291
23986 1295
23989 1289
23991 900
15800 1093
15802 1284
15805 2085
24002 1283
15816 504
7632 1090
15824 1276
7635 1045
7636 1224
7637 1223
7638 993
7647 1206
7648 991
24032 986
7650 722
15847 946
24060 899
15882 1193
7695 1186
15891 600
15898 882
15899 938
7713 1138
15905 1117
15907 1112
7716 145
24097 569
7718 932
7719 2012
15912 906
15913 1111
7726 599
24113 1105
24114 1096
24122 1092
15933 1061
24126 324
24127 1091
24128 895
24129 1041
24133 894
15942 1030
15943 893
15947 1026
24140 1025
24141 890
15951 541
24149 1022
24152 1021
7769 883
15961 1020
15962 989
7772 910
7774 503
24159 874
24160 870
24161 862
15972 905
15973 858
15974 857
15977 898
24169 837
24174 872
7807 889
15999 1277
7811 827
24202 887
16011 884
24203 824
24204 867
16014 863
16015 839
24207 567
24214 831
24219 800
24220 500
16039 564
16040 796
16042 798
7853 296
7854 791
7855 770
7857 786
24242 754
7861 769
7863 752
24248 751
24250 748
24251 747
24252 750
16065 749
16067 741
16068 731
7877 499
7878 494
16070 745
7883 846
7885 693
24271 426
7888 684
24272 680
16084 706
7895 657
16087 704
16091 842
16102 410
24294 2867
16106 276
16107 703
7916 794
16108 618
16109 768
16110 700
16124 613
16129 610
16131 274
24334 581
7957 698
7958 691
7959 575
24341 689
16154 143
16155 677
24372 676
7999 674
8000 574
24402 321
16213 695
16216 673
24412 112
16224 415
16225 413
16226 409
16227 354
8036 583
8037 551
16230 501
16231 509
16232 346
16234 343
16235 340
8048 611
8054 492
8055 326
24439 214
8058 325
8064 365
24451 288
8069 279
16261 451
8071 414
8072 483
16262 391
16264 212
16265 245
16266 243
8077 390
24462 389
24463 242
24464 382
16278 334
24470 363
16280 260
16281 361
24471 246
24474 1069
24475 244
24479 1047
24490 351
24499 339
8118 231
24503 220
16312 319
24504 285
16314 281
16331 241
16333 261
16334 197
16335 223
16336 219
8146 198
8147 184
8148 195
16338 178
8150 83
8151 141
16340 177
8153 230
16347 142
8156 149
8157 82
16348 76
16349 74
16352 150
16353 36
16358 64
8177 211
8179 22
8185 51
8187 136
24575 18
