0 8070
2 8548
3 4486
4 4192
6 975
7 1840
8 7224
9 7116
10 7636
12 7043
14 2389
15 4013
16 7877
17 1212
18 3525
20 135
21 6538
22 4827
23 324
25 4734
26 2443
27 5746
28 305
29 6405
30 1598
31 4450
32 8216
33 5729
34 6441
36 7294
37 3375
38 7805
39 5042
40 8002
41 4975
42 7135
43 8226
44 8240
45 878
47 3560
48 5886
49 7385
51 7728
53 6918
54 6455
56 722
57 2856
58 2586
59 3451
60 7436
61 62
63 6127
64 4799
65 4818
69 5339
70 2478
71 348
72 6256
73 2783
75 1289
76 3969
78 5341
79 28
80 4939
82 5531
83 1939
84 6474
85 2421
86 8444
87 1346
88 1495
89 2906
90 7472
92 4654
93 3448
94 2781
95 4782
96 3586
99 3920
100 6499
101 720
102 5052
103 8256
104 3024
105 5770
106 7432
107 5022
108 6303
109 7822
111 3359
112 3029
113 158
114 7725
115 6213
116 7798
117 1883
118 6177
119 7077
120 6919
121 361
122 3249
123 7697
127 5257
128 5431
129 5953
130 2620
131 8078
132 2948
133 5472
135 1131
136 4579
137 1691
138 212
139 1926
140 3509
141 7199
142 581
143 1534
144 2222
145 2577
146 368
147 5101
148 4643
150 3960
151 1248
152 208
154 1478
155 6530
157 2648
159 6302
160 7159
161 8513
162 4163
164 1903
165 4422
168 2869
170 653
171 8191
172 1859
173 1730
174 5774
176 3367
177 40
178 7050
180 5557
182 7078
183 2399
184 1790
185 7371
186 1616
187 4912
188 6925
189 991
190 4729
191 3384
192 799
193 8377
194 8347
195 4674
196 70
197 8421
199 3910
200 3654
201 2441
203 5797
204 5768
205 3548
206 6679
207 5839
208 825
210 3630
211 7441
212 24
214 7281
215 7921
216 6430
218 3212
220 2384
222 8061
223 8304
224 6471
226 3170
227 4320
229 1666
230 4873
231 5117
232 3142
233 7838
234 3722
236 8520
237 8176
238 2341
239 3827
240 1152
242 2008
243 7586
244 2660
245 193
246 3845
248 1440
249 3580
250 3797
256 5646
257 1138
258 5099
260 1700
261 867
262 1460
263 1502
264 31
265 7296
266 6874
267 4476
268 6436
271 845
272 6233
273 5444
274 2367
275 7678
276 5500
277 3578
280 8565
281 1899
282 3570
284 113
285 7965
286 2530
287 6246
289 3605
290 6845
291 2061
292 2289
293 1991
294 1269
295 3867
296 3745
298 1511
299 1481
302 6119
303 7643
304 3433
305 6105
306 1477
307 6240
308 2121
310 8376
312 371
313 622
316 3756
317 4776
318 1841
320 3379
321 8390
322 4817
323 862
324 3494
325 1178
326 7030
327 2001
328 8049
329 5475
330 2572
331 7021
332 2284
333 2212
334 6616
335 5333
336 7081
337 6871
338 2558
340 213
341 1857
342 659
344 5593
345 600
346 8420
348 4930
349 2140
350 3350
351 3017
352 6794
354 1662
355 4624
356 1699
357 1377
361 3260
362 7615
363 1797
364 2298
365 3626
366 1657
367 677
368 874
370 3512
371 2278
372 1687
373 2814
375 2277
376 8149
377 5558
378 7184
379 786
380 3690
381 3223
383 1191
384 5107
385 5358
387 1628
388 2183
389 4109
390 5145
391 8241
392 3546
393 3561
394 3641
395 4414
396 2046
398 2416
399 4136
400 7890
401 911
402 3757
403 3316
404 543
406 3735
407 6986
408 126
409 700
410 3294
411 6493
412 8321
413 4728
415 2911
416 5559
417 7358
418 6464
419 4409
421 713
423 6356
424 4918
425 3397
426 1524
427 7960
429 6970
430 655
431 6463
432 7130
433 2844
434 7283
435 8384
437 7721
438 5077
439 1303
440 5691
441 2521
442 3842
443 2813
444 5391
445 5799
446 3382
447 4998
448 1512
449 3251
450 608
451 6976
453 1194
455 8237
456 2315
459 6306
460 5840
461 7856
462 8218
463 443
464 3999
467 3776
468 4596
469 4834
470 1646
471 3839
472 1326
473 3270
474 5446
476 8060
477 752
478 6214
480 7459
481 1764
482 3514
483 7603
484 5751
485 2287
487 6225
488 6442
489 7821
491 2512
492 2847
494 5047
495 4775
496 7936
497 3135
498 6173
499 2722
500 3905
501 1118
503 1167
504 3380
506 8219
507 4043
508 5988
509 4501
510 7605
511 1275
512 5607
513 980
514 110
515 3719
516 2765
518 7309
519 7400
520 8024
522 1280
524 5993
526 61
527 4752
528 7313
529 614
530 800
531 4107
532 8096
533 1694
534 257
535 5879
536 6828
537 6848
538 3420
540 5767
542 4032
544 5837
546 137
547 3398
548 3308
549 3653
552 1347
553 5784
554 6788
555 2480
556 567
557 3355
559 69
560 7876
561 3378
563 6810
564 3181
565 101
566 1792
567 1158
568 1115
569 7682
571 1802
572 8505
573 7982
575 3801
577 7179
580 4337
581 7929
582 8364
584 3866
585 920
586 309
587 7757
588 8511
590 6091
592 7524
595 7226
596 938
597 3599
598 5627
600 1388
601 251
602 154
603 4028
604 3956
605 7611
606 4824
607 1166
608 4761
611 605
613 1463
614 1119
615 2107
616 4769
617 3419
618 5268
619 7993
621 1955
622 501
623 7540
624 6466
626 1356
627 3703
628 277
629 2461
631 7623
632 6353
633 5822
634 4021
635 4890
636 987
637 3207
638 550
639 5812
640 1226
641 7089
642 829
643 1069
644 897
645 35
646 4521
647 1690
648 7927
649 8246
651 3337
652 4982
654 2918
655 3667
656 1856
658 5332
659 1404
660 6708
661 479
662 6226
663 2542
664 2158
665 7332
666 6655
667 2138
668 2703
669 2564
670 6825
671 7317
672 4424
673 6649
674 6337
675 5058
677 1589
678 2677
679 7861
680 3779
682 2497
684 2944
686 4808
687 4954
688 446
689 1651
690 1202
691 4166
692 7047
693 5297
694 4758
696 6408
697 3529
698 1550
699 5906
700 4328
701 8272
703 5495
704 5528
705 7664
706 3645
710 5975
712 4687
713 6977
714 1005
715 3860
716 2916
717 3068
720 5966
721 1093
722 749
723 6598
725 7431
726 531
727 2286
728 7121
730 1400
731 4985
732 8566
733 1129
734 3366
735 1894
736 2013
737 6199
738 5908
739 8323
740 1497
741 4691
742 4467
744 237
745 4739
746 3165
747 6704
749 5096
752 4857
753 5912
754 3596
755 7391
756 2395
757 8357
759 1724
762 1286
763 1563
764 6272
765 3447
766 968
767 4361
768 2594
770 2256
771 2062
772 7473
773 3600
774 7754
775 1620
776 7759
777 820
778 7542
779 6391
780 310
781 5571
782 17
783 6360
784 4098
785 122
786 5342
788 4463
789 2015
790 4492
792 5338
794 6726
795 6666
796 828
797 3354
798 547
799 3519
800 3976
801 7922
802 2225
803 72
804 1055
805 472
806 1039
807 8416
808 8257
809 1494
810 4789
811 6618
812 3134
814 7063
815 2327
816 6052
817 1850
818 6775
819 1605
820 7035
822 3426
823 7793
824 3126
825 7966
826 5437
827 1342
829 5497
830 4638
832 4889
833 6465
834 4495
835 1195
836 7701
838 5887
839 200
842 592
843 5207
844 6725
847 3218
849 4121
850 2281
851 6952
852 8373
853 1640
854 5124
855 7533
856 6629
857 3246
858 2788
860 4468
861 656
862 4106
863 3813
864 2189
865 8434
866 2554
867 3264
869 5829
871 5720
872 6367
874 3465
875 6473
876 6755
878 1819
880 4771
881 2486
882 6403
883 1373
884 114
885 2933
886 4592
887 5831
888 1947
889 7648
890 4801
891 5982
892 1263
893 2491
894 597
895 1169
896 960
897 374
898 7272
899 3806
901 1946
902 3467
903 7892
904 5325
905 2619
906 4377
907 2627
909 7103
911 5380
912 7769
913 1546
914 2684
915 3826
916 574
917 63
918 4269
920 2345
921 8441
922 149
923 4683
924 5441
925 4392
927 6453
928 4560
929 3282
931 1174
932 7168
933 1942
934 25
935 3666
936 6131
937 6470
939 4054
941 6287
942 7008
944 5014
945 7070
946 2450
947 1544
948 5004
949 2023
950 7261
951 3925
952 2687
953 6702
955 2458
956 8038
957 7755
958 7434
959 756
960 3083
961 6154
962 7668
963 387
964 3728
965 2293
966 7795
968 8332
969 7928
971 5108
973 2561
974 7447
975 4666
977 5037
978 2642
981 2431
982 1383
983 648
984 7262
985 5648
986 1863
987 3440
988 8574
989 2771
990 6791
992 5187
993 2465
994 8527
995 2609
996 556
997 6109
998 8409
999 2614
1000 2574
1001 7504
1004 7826
1005 1749
1006 4716
1007 8539
1008 2
1009 8033
1010 7907
1011 1462
1013 7800
1014 5798
1015 7013
1017 1508
1018 6316
1019 5947
1020 53
1021 252
1022 3684
1023 4170
1024 1864
1025 4200
1026 2568
1027 4872
1028 4773
1029 56
1031 1473
1032 572
1033 6321
1034 6055
1035 1256
1038 2254
1039 1604
1040 1862
1041 1924
1042 3167
1043 1380
1045 8025
1046 6268
1047 5425
1048 4079
1049 358
1050 6341
1051 2532
1052 2853
1053 1394
1054 1845
1055 2666
1056 7054
1057 1923
1058 904
1059 8365
1060 5291
1061 7804
1062 6270
1063 765
1064 293
1065 8379
1066 8190
1067 2019
1068 2092
1069 1727
1070 8492
1072 1618
1073 8524
1074 180
1077 3238
1078 4201
1079 3795
1080 4060
1081 2857
1082 3477
1085 2605
1086 298
1087 6249
1089 3365
1090 4514
1091 3415
1092 7833
1093 291
1095 5158
1097 451
1098 6426
1099 8100
1100 1171
1101 6803
1102 178
1103 6165
1106 2493
1107 3261
1108 7945
1109 3610
1110 1064
1111 1781
1113 7352
1114 8445
1115 2004
1116 3073
1117 7102
1118 3958
1119 2273
1120 5001
1121 7399
1122 4073
1124 6229
1125 7133
1126 4304
1127 3211
1128 8488
1129 6329
1130 4483
1131 6417
1132 5121
1133 37
1134 4487
1135 4731
1136 8084
1137 606
1139 6829
1141 2134
1142 4224
1143 3865
1144 6092
1146 1603
1147 7576
1148 4169
1149 4151
1150 7968
1151 174
1152 4040
1153 7284
1154 6823
1155 4942
1156 1784
1158 2514
1159 565
1160 3523
1161 4510
1162 4878
1165 3796
1167 2774
1168 1285
1169 1496
1170 2644
1173 1778
1174 1891
1175 5118
1176 6445
1177 5964
1179 7424
1180 8111
1181 2593
1182 3287
1183 349
1186 2984
1187 1068
1188 637
1189 2676
1190 6141
1191 5634
1193 6759
1194 4023
1195 6787
1196 1756
1197 745
1200 4580
1202 2957
1203 4158
1205 4839
1207 2280
1208 6228
1209 3389
1210 2128
1211 7374
1212 5794
1213 3824
1215 1446
1217 8040
1218 2578
1219 262
1220 5466
1221 4704
1222 7873
1223 3152
1224 26
1225 3780
1227 7223
1228 7894
1229 2177
1230 1629
1231 8196
1233 2155
1234 7228
1235 1520
1236 4083
1237 6202
1238 6201
1239 4057
1240 5315
1242 3325
1244 2826
1246 2718
1248 1469
1249 2408
1250 1761
1251 1941
1253 1558
1254 486
1256 1744
1257 582
1258 6296
1259 1144
1261 5674
1263 8225
1264 7333
1265 1642
1266 7854
1268 1940
1269 3539
1270 3258
1271 3028
1273 7025
1275 4029
1276 8535
1277 5025
1278 4917
1279 1921
1280 2239
1281 1007
1282 3854
1283 7555
1284 5076
1285 533
1286 7090
1288 362
1289 8053
1290 3090
1291 2242
1292 5844
1293 3943
1295 6518
1296 6911
1297 3407
1301 7145
1302 5134
1305 7745
1306 3672
1308 2401
1309 1879
1310 2275
1311 2313
1312 5483
1314 5693
1315 3204
1316 5715
1319 3975
1320 6740
1321 5352
1322 2098
1323 7201
1324 4388
1325 8109
1326 144
1327 5417
1328 7765
1330 5250
1331 973
1332 7139
1333 5112
1335 8116
1336 4620
1337 12
1340 437
1343 346
1344 97
1345 2626
1347 6314
1350 1541
1351 6331
1352 8121
1354 4662
1355 3859
1356 3010
1357 6886
1358 6049
1359 1937
1360 2418
1361 5255
1363 6404
1365 6640
1366 8544
1367 7082
1368 8021
1369 236
1370 3215
1371 3707
1372 5931
1373 235
1374 4125
1375 8432
1376 5604
1377 2276
1379 7852
1380 5467
1382 6414
1383 5679
1384 5962
1385 5935
1386 6035
1387 65
1388 4928
1390 6168
1391 2665
1392 2473
1393 4858
1394 4481
1395 6932
1396 1770
1397 5928
1398 8528
1401 4260
1402 254
1403 338
1404 8067
1405 7948
1406 1758
1407 2961
1408 7255
1410 2306
1411 3562
1412 2679
1413 7351
1414 953
1415 2547
1416 3526
1417 4376
1418 2758
1419 5060
1422 6727
1423 2184
1424 1675
1425 4513
1427 87
1428 8115
1429 7814
1430 6278
1432 2479
1433 7173
1434 4725
1435 2302
1436 7464
1437 7080
1438 6425
1439 2419
1440 2960
1441 3698
1442 1216
1444 8433
1445 2202
1447 822
1450 5370
1451 5664
1452 7248
1453 4101
1454 2372
1455 8510
1456 6561
1457 1339
1458 4159
1459 8204
1460 7514
1461 4259
1462 8107
1463 963
1464 1622
1465 2117
1466 6311
1467 5090
1468 2800
1469 731
1470 1140
1471 4228
1472 8177
1474 3292
1476 2999
1480 830
1482 8406
1484 2996
1485 6215
1487 5680
1488 3235
1489 2496
1490 7037
1491 2870
1492 292
1493 4904
1494 2754
1495 5589
1499 8563
1500 4241
1501 2100
1506 1860
1507 2710
1508 7093
1509 6928
1510 4956
1512 831
1513 3554
1514 1746
1515 6090
1517 5732
1518 3904
1519 401
1520 6798
1521 4202
1522 1763
1524 3686
1525 3460
1527 4986
1528 2602
1529 8273
1530 5670
1531 6694
1532 3158
1533 3881
1534 1564
1535 836
1536 7242
1537 1682
1538 6516
1539 453
1540 7538
1541 3452
1542 7943
1543 5240
1544 3609
1545 187
1547 2321
1548 8525
1549 8113
1552 1442
1553 1239
1554 6681
1556 3161
1557 6524
1558 988
1559 3583
1560 6053
1562 7818
1563 3429
1564 5190
1565 3219
1566 4840
1568 6380
1569 4432
1570 4219
1571 6108
1572 5825
1573 6347
1574 3015
1575 4165
1576 6497
1578 1209
1579 2959
1584 1670
1585 1299
1586 2240
1587 1611
1588 3154
1589 5943
1590 2940
1591 5633
1592 647
1595 6255
1598 812
1599 4578
1600 5312
1601 2852
1602 4993
1603 4093
1605 5952
1606 1757
1607 7392
1608 4507
1609 3328
1611 4053
1612 1153
1613 1072
1614 3193
1615 4847
1616 5452
1617 105
1618 74
1620 5054
1621 8473
1622 6642
1623 8098
1624 4244
1625 5243
1626 921
1627 1133
1628 1775
1629 5527
1630 5129
1632 4322
1633 4272
1634 3909
1635 935
1636 6054
1638 3131
1640 185
1641 4605
1642 6379
1643 1128
1644 5683
1645 1827
1646 5397
1647 334
1649 5005
1650 4723
1653 3591
1655 7718
1656 5283
1658 6996
1659 7420
1660 1608
1661 5516
1662 478
1663 7118
1664 3322
1667 697
1668 1552
1669 5132
1670 1913
1671 2049
1672 6563
1673 6438
1675 8507
1676 7831
1677 5206
1678 5278
1679 7310
1681 4369
1682 7992
1683 5197
1684 5645
1685 163
1686 1650
1687 1578
1688 6245
1689 1058
1690 4430
1691 3036
1692 468
1693 1106
1694 8059
1695 4191
1696 2519
1697 1359
1698 420
1699 3877
1700 4378
1701 5271
1702 4945
1703 5088
1704 601
1705 6143
1706 575
1708 2695
1709 1145
1710 7709
1712 6362
1713 2862
1716 7484
1719 6138
1721 381
1722 856
1723 4562
1724 3295
1725 6606
1726 8200
1727 3268
1728 6581
1729 476
1731 2110
1732 6059
1733 6722
1734 5367
1735 3644
1736 456
1737 2130
1738 6332
1740 8228
1741 6907
1742 4472
1743 5492
1744 6863
1745 928
1746 99
1747 2213
1748 4100
1750 5459
1752 2786
1753 3474
1754 170
1755 5256
1756 7663
1757 5156
1758 8009
1760 5806
1761 92
1762 5874
1763 4204
1764 7372
1765 5368
1766 4787
1767 1751
1768 7587
1769 7957
1772 689
1773 4055
1774 8341
1775 4444
1776 5505
1777 8134
1778 4375
1779 7803
1780 4299
1781 6481
1783 8031
1784 495
1785 3254
1786 7860
1787 676
1788 1655
1789 7430
1792 7402
1793 8183
1794 6532
1795 3352
1796 6934
1798 5161
1799 542
1800 4078
1801 5
1802 5723
1803 4608
1804 3059
1806 3606
1807 7260
1808 6553
1809 1582
1810 6252
1811 599
1813 350
1815 2012
1816 7629
1817 5697
1818 4494
1819 6324
1821 3668
1823 7172
1825 7450
1826 302
1827 909
1828 760
1829 2818
1830 98
1831 7207
1832 2112
1833 1919
1834 106
1835 4011
1836 1450
1840 835
1842 7915
1843 4464
1844 2656
1845 7988
1846 2124
1848 3280
1850 1918
1851 7594
1852 4929
1854 3052
1855 979
1856 8173
1857 4506
1858 3893
1859 1011
1860 2621
1861 7685
1863 6861
1864 7705
1866 2936
1867 1738
1868 5538
1869 1074
1870 365
1871 1648
1873 6418
1874 3063
1875 4516
1876 5244
1877 3575
1878 535
1879 8287
1880 3555
1881 4193
1882 2258
1883 308
1884 2912
1887 907
1888 3990
1890 694
1891 8306
1892 546
1893 7010
1895 3657
1896 4120
1897 8403
1898 8194
1900 5899
1902 303
1903 7022
1904 23
1905 3242
1906 4452
1907 1334
1908 8356
1909 1338
1910 6210
1911 5851
1912 4471
1913 2060
1914 152
1915 1956
1917 3792
1918 4631
1920 8185
1921 8050
1922 6050
1923 2738
1924 1411
1925 7215
1926 3422
1927 5588
1928 514
1929 7185
1931 444
1932 8278
1933 5637
1936 6981
1937 8232
1938 3244
1939 3310
1941 4089
1942 2089
1943 2596
1944 7101
1945 1154
1946 8298
1947 199
1949 6489
1950 8036
1951 6567
1953 3169
1954 817
1956 8397
1957 8065
1958 3151
1959 6800
1960 5390
1962 2331
1963 4206
1964 3712
1965 22
1967 7266
1968 4006
1970 3746
1971 4326
1973 1815
1974 4050
1975 918
1976 2101
1977 3650
1978 5882
1979 1085
1980 1061
1982 6757
1983 183
1985 2719
1986 3612
1987 7708
1988 1854
1989 7495
1992 2980
1994 7556
1995 4325
1996 6158
1997 3952
1999 8419
2000 7337
2001 3879
2002 1501
2003 7599
2004 4397
2006 2671
2007 5706
2008 3159
2009 6696
2010 6809
2011 2380
2012 1551
2014 7782
2015 6027
2016 5133
2017 6652
2019 4549
2020 1826
2021 7405
2022 4804
2023 5407
2024 7053
2025 5387
2029 5540
2030 3078
2031 391
2032 3750
2033 4576
2035 1565
2036 4594
2037 5703
2038 8010
2039 4741
2040 8307
2041 184
2042 8458
2043 6929
2044 6514
2046 7112
2047 7517
2048 8491
2049 6647
2050 7523
2051 7839
2053 6523
2054 2203
2055 2365
2056 6592
2059 7000
2060 3081
2062 6378
2063 2268
2064 5764
2065 4455
2066 5051
2069 5447
2070 2682
2071 8464
2072 7951
2073 6307
2074 1091
2075 4595
2078 176
2079 3587
2080 2987
2084 6257
2085 2094
2086 1305
2090 5650
2091 1591
2092 650
2093 7995
2094 3753
2095 378
2096 3933
2097 7343
2099 281
2100 1588
2102 5204
2104 4901
2105 166
2107 2830
2108 2447
2111 6469
2112 3861
2113 7073
2115 1415
2116 669
2117 7252
2118 3782
2119 521
2120 8004
2122 7880
2123 6942
2125 7882
2126 6447
2128 1341
2129 4767
2130 3741
2131 7503
2132 3293
2133 2686
2134 3011
2136 5335
2137 5304
2139 2516
2140 6043
2141 2915
2143 5223
2144 3889
2145 3629
2146 7620
2147 3353
2149 1471
2150 4913
2152 2453
2153 2307
2154 4532
2155 6008
2156 7883
2157 2415
2158 3250
2159 4049
2160 3584
2161 6710
2162 91
2163 1438
2164 2652
2165 5656
2166 2994
2167 1163
2168 1272
2169 573
2171 3201
2172 240
2173 2920
2174 6117
2175 321
2176 394
2177 7689
2178 7551
2179 6372
2180 3621
2181 1773
2182 753
2183 4142
2184 2704
2185 6588
2186 5896
2187 4600
2188 7684
2190 3677
2191 619
2192 7853
2193 5682
2194 5980
2196 3298
2197 8253
2199 5453
2200 8286
2201 1422
2202 8093
2204 2965
2205 3497
2206 7899
2207 1215
2208 4667
2209 5086
2210 5045
2211 5904
2214 7307
2215 6507
2216 629
2218 5460
2219 4905
2220 3492
2222 1585
2223 4805
2225 3699
2226 2308
2229 3535
2230 4989
2232 8483
2233 2576
2236 3878
2237 2137
2239 857
2240 6847
2241 4895
2242 4518
2243 8294
2244 2937
2245 3224
2246 5393
2247 7796
2248 687
2249 2908
2250 1752
2251 7849
2253 2979
2255 4412
2256 4552
2257 8215
2259 4408
2260 4226
2263 3682
2265 6790
2266 2290
2267 2947
2268 6580
2269 5847
2270 3620
2271 3765
2272 4196
2273 7967
2275 7187
2276 7016
2278 6496
2279 1196
2280 5961
2281 5958
2282 14
2285 39
2287 2457
2288 8380
2289 380
2292 5193
2293 4232
2294 6789
2296 2890
2298 2527
2300 3693
2301 7488
2302 7537
2304 127
2305 6614
2306 7182
2307 5974
2308 977
2309 6485
2310 4045
2311 5524
2312 219
2313 5922
2314 8014
2315 4130
2316 4964
2317 2708
2318 393
2319 2127
2320 7944
2321 3532
2322 6443
2323 1876
2324 3263
2325 1260
2327 2394
2328 1703
2329 7155
2331 2549
2332 6501
2333 6065
2334 4126
2335 6815
2337 5337
2338 6486
2339 7355
2340 3286
2341 34
2342 6969
2343 3769
2344 6534
2345 2483
2347 7380
2349 2741
2350 6467
2351 5960
2352 2361
2353 8044
2354 5772
2356 5816
2357 2178
2358 7546
2359 1270
2360 860
2361 8456
2362 8148
2363 1420
2365 1378
2366 1423
2367 5200
2368 419
2369 8277
2370 2556
2371 3408
2373 5029
2374 3178
2375 7142
2377 474
2379 6101
2380 3461
2381 4712
2382 4706
2383 4778
2384 1925
2386 5985
2387 1515
2388 4128
2389 8086
2390 1485
2391 7656
2392 477
2393 1652
2394 966
2395 1741
2396 7693
2398 295
2399 1736
2401 2836
2402 6140
2405 8557
2406 6819
2407 7606
2408 5253
2409 2698
2410 2495
2411 6948
2412 5941
2413 6350
2414 9
2415 222
2416 5209
2418 7900
2419 425
2422 7676
2423 6549
2425 2125
2426 4124
2427 3269
2428 2510
2429 8258
2430 4838
2431 6905
2432 2193
2433 1679
2434 4652
2435 2488
2437 2344
2438 5203
2439 3096
2440 1503
2441 4
2443 4657
2444 8447
2445 2509
2446 1914
2447 5399
2448 5414
2451 1708
2452 925
2454 1083
2455 1623
2456 4454
2457 1931
2458 4242
2459 4248
2461 6097
2462 8267
2464 2990
2465 1615
2466 7225
2467 8549
2468 7308
2469 6770
2470 1900
2473 3488
2474 1103
2475 3733
2476 6364
2477 4458
2478 596
2479 3107
2480 1407
2481 939
2482 1641
2485 7189
2486 2301
2487 8171
2489 7935
2490 5973
2491 1492
2492 776
2494 6085
2495 3479
2496 6394
2497 5424
2499 5997
2500 6572
2501 779
2502 6935
2503 5503
2504 2030
2505 5509
2506 3044
2507 8095
2508 7221
2509 8017
2511 1832
2512 2406
2513 8230
2514 6510
2517 1189
2518 7480
2519 7319
2521 791
2522 8150
2523 4020
2525 3632
2527 1426
2528 2848
2530 4211
2532 141
2533 6191
2535 1030
2536 3425
2538 2973
2539 5801
2540 6384
2541 4446
2543 1192
2544 3840
2545 7203
2546 4090
2547 4636
2548 6939
2549 1345
2550 8296
2551 4401
2552 821
2553 8480
2554 7306
2555 6752
2556 7879
2557 7153
2558 3691
2559 1424
2560 8457
2561 2894
2562 3431
2563 3471
2566 2066
2567 3715
2568 889
2569 1712
2570 6576
2571 2270
2572 1293
2573 1243
2574 4940
2575 6937
2576 1026
2577 2042
2578 926
2579 396
2580 667
2581 602
2582 2248
2583 7271
2584 5898
2585 2585
2586 1831
2587 2919
2588 3540
2590 4331
2591 5578
2592 880
2593 2930
2594 3828
2596 1612
2597 4214
2598 5170
2599 3506
2600 3853
2601 4688
2602 5093
2603 7015
2604 986
2608 6281
2609 4812
2610 4407
2611 3117
2612 2269
2614 929
2615 2683
2617 1436
2618 151
2619 4891
2621 2692
2622 3794
2624 525
2625 5160
2627 1887
2631 7511
2632 4439
2633 3542
2635 6627
2636 6657
2638 1038
2639 5984
2640 3486
2641 1067
2642 8418
2643 4003
2644 7737
2645 6087
2648 4883
2649 7220
2650 6594
2651 4870
2654 7564
2655 7129
2657 1181
2658 2579
2659 1717
2660 5276
2662 5863
2663 4679
2664 7065
2666 6612
2667 3887
2668 1714
2669 2672
2670 243
2672 4966
2673 7619
2675 3446
2676 4606
2678 3616
2680 4081
2681 7270
2682 3717
2684 8170
2685 52
2686 1630
2687 3084
2688 1489
2689 3155
2690 6190
2691 4008
2692 7344
2693 2552
2694 168
2695 6345
2698 6856
2699 2420
2700 2535
2702 3444
2703 3798
2705 1124
2706 2165
2707 445
2708 84
2709 4374
2710 1236
2711 7058
2713 7214
2714 4957
2716 798
2719 7148
2722 3228
2723 86
2724 4405
2725 2967
2726 6711
2727 6926
2728 8094
2729 7670
2730 1282
2731 5700
2732 941
2733 55
2734 8461
2735 109
2736 1614
2737 3624
2739 1562
2741 6077
2742 826
2743 1134
2745 7367
2746 290
2747 1624
2748 8498
2749 2333
2750 3256
2751 4958
2752 6542
2753 3718
2754 2054
2755 5011
2756 6130
2757 4550
2759 4402
2760 4145
2761 8327
2762 3168
2763 95
2764 6037
2765 4524
2766 7510
2767 2616
2768 7303
2771 6107
2772 121
2773 7631
2774 0
2775 4539
2777 6889
2778 6153
2782 4724
2783 5345
2784 7210
2785 7438
2786 1184
2787 7729
2788 7019
2790 658
2791 6577
2792 6997
2793 4897
2795 2845
2796 6643
2797 1017
2798 8553
2799 5394
2800 6421
2801 6772
2802 289
2803 4632
2805 2076
2806 2358
2807 4572
2808 4302
2809 7612
2810 1290
2812 7360
2814 2867
2815 6193
2816 2641
2817 2104
2818 3970
2819 1018
2820 161
2821 6927
2822 6006
2824 7632
2825 499
2827 801
2829 1040
2831 5888
2832 5698
2834 6452
2835 6298
2836 6468
2838 8422
2839 8289
2841 1082
2842 6013
2843 1895
2844 759
2845 4830
2846 5413
2847 207
2848 4861
2849 4711
2850 8073
2851 5504
2852 5222
2853 2087
2854 2728
2855 1389
2856 1314
2857 7382
2858 2982
2859 1820
2862 8072
2863 6135
2864 844
2865 954
2866 7279
2867 7478
2868 7274
2869 511
2870 5657
2873 4359
2874 1367
2875 1656
2876 4836
2877 2481
2878 4223
2879 6916
2880 1621
2881 5144
2882 6480
2883 3388
2884 7437
2885 4416
2887 7276
2888 3323
2890 8381
2892 4194
2893 6243
2895 6993
2897 5034
2898 2056
2899 4533
2900 8545
2901 8131
2902 5064
2903 3383
2904 1101
2905 7939
2907 6965
2908 6754
2910 5171
2911 2078
2912 3236
2913 1207
2914 8223
2915 4063
2917 7840
2918 1433
2921 4779
2922 7202
2923 1175
2924 5977
2925 4038
2926 3773
2927 3789
2928 7788
2929 4157
2930 6373
2931 6980
2932 4705
2933 5582
2934 8490
2935 6319
2936 5587
2937 7161
2938 5716
2939 883
2941 4351
2942 4523
2943 1084
2944 2929
2945 6766
2947 5761
2949 7638
2951 6730
2952 5598
2953 4586
2954 6075
2955 5592
2956 8052
2959 3016
2961 701
2962 3614
2964 7027
2965 2850
2966 5191
2967 5544
2968 1213
2969 2349
2971 2601
2972 136
2973 2204
2974 8120
2977 2175
2978 6850
2979 6181
2980 3513
2982 8141
2984 769
2986 2740
2987 865
2988 2531
2989 1327
2990 1674
2991 5067
2992 5681
2993 1897
2994 1928
2995 247
2996 6706
2997 7707
2998 609
2999 3183
3001 7549
3002 3035
3003 1600
3004 7026
3005 128
3006 645
3007 815
3008 4251
3009 5354
3010 3997
3011 5594
3012 7467
3013 8469
3014 8125
3015 7323
3016 190
3017 7837
3018 2832
3019 402
3020 2907
3021 2903
3022 1957
3025 863
3026 6773
3027 6822
3028 4178
3029 7667
3030 3478
3031 6795
3032 4611
3035 1636
3037 6636
3038 1973
3039 3357
3041 915
3043 1361
3044 424
3045 4343
3047 3128
3048 2566
3049 6982
3050 2144
3051 7397
3054 4239
3055 3729
3056 8450
3057 7213
3059 3520
3061 2136
3062 4383
3063 4908
3065 5954
3067 2658
3068 3002
3069 7263
3070 228
3071 6673
3073 5613
3074 1821
3075 1223
3076 2551
3077 5111
3078 3237
3079 5031
3080 559
3081 4404
3082 3455
3083 1336
3084 5364
3086 146
3087 4396
3088 3393
3089 2113
3090 1804
3091 1500
3092 5056
3094 8119
3095 7958
3096 5537
3098 3091
3099 2942
3101 3748
3103 2631
3104 7997
3105 205
3107 3671
3108 2599
3110 3849
3111 4336
3112 8250
3114 7291
3115 1208
3116 6103
3117 3055
3118 2409
3120 3636
3121 326
3122 1880
3123 3507
3124 2114
3125 6120
3127 638
3128 2039
3129 4797
3130 3138
3132 2810
3133 1693
3135 2185
3136 4969
3137 5967
3138 6821
3139 5211
3140 428
3143 6529
3144 8352
3145 7061
3146 6661
3147 4926
3148 7469
3150 8522
3151 2161
3154 4137
3155 2439
3156 504
3157 591
3158 2233
3159 4851
3160 2016
3161 2981
3162 5006
3163 651
3164 5334
3165 4860
3166 5708
3167 48
3168 3675
3170 2330
3171 4867
3172 276
3173 7836
3174 5040
3175 3528
3176 3876
3177 3900
3178 3550
3179 3634
3180 5135
3181 5560
3182 950
3183 6081
3184 5010
3185 8436
3186 8279
3187 3764
3188 2640
3189 347
3190 4155
3191 2025
3192 839
3193 6351
3194 7912
3195 2195
3196 4102
3197 5501
3199 4052
3200 1948
3202 3111
3203 1617
3204 6674
3205 7779
3206 5629
3208 7730
3211 2617
3212 1467
3213 5481
3214 4036
3216 2828
3217 4722
3219 2923
3220 5080
3221 4146
3222 3688
3223 6900
3224 813
3226 5242
3227 5490
3231 3067
3232 7867
3233 111
3234 2791
3235 3945
3236 7
3237 6855
3238 5843
3239 4117
3240 3239
3241 5330
3242 6031
3243 7429
3246 7604
3247 7348
3248 6205
3249 8144
3251 7990
3252 1408
3253 6299
3254 6899
3255 2871
3256 422
3258 4077
3259 7117
3260 1720
3261 2545
3262 7068
3265 7152
3266 4933
3268 1097
3270 8282
3271 8186
3272 4537
3274 2898
3275 4332
3276 5989
3277 6748
3278 4411
3279 2562
3281 5062
3283 5714
3285 7752
3286 632
3287 1004
3288 1835
3289 4700
3290 2264
3291 3726
3292 3162
3293 5880
3294 6472
3295 4984
3296 6063
3298 2414
3299 7412
3301 512
3302 3627
3305 8102
3306 6839
3307 5423
3308 6985
3310 3267
3311 5788
3312 2567
3313 2769
3314 8530
3315 3572
3317 2064
3318 132
3319 4784
3320 3360
3321 1210
3322 5302
3323 6297
3324 7354
3325 5361
3326 2350
3328 3473
3330 3767
3332 4831
3333 4626
3337 3255
3338 7787
3340 5618
3341 2464
3343 3176
3344 6947
3345 7784
3346 806
3347 89
3348 7719
3349 1053
3350 2927
3351 4633
3353 2043
3354 3916
3355 7363
3356 981
3358 3414
3359 2974
3360 5298
3361 6327
3362 5140
3363 7394
3364 3908
3365 7810
3366 7813
3368 2118
3369 5871
3374 436
3375 2182
3376 6574
3377 4203
3379 6511
3380 3577
3381 7197
3382 1995
3383 2821
3384 2657
3386 6080
3388 345
3390 3301
3392 2958
3393 5372
3394 6962
3395 4976
3396 7875
3397 4616
3398 7489
3399 1853
3400 1456
3402 3321
3403 5780
3404 6804
3405 8402
3406 8350
3408 1228
3409 2559
3410 681
3411 4234
3413 5455
3414 6363
3415 1112
3416 7124
3418 7192
3419 714
3420 1370
3421 2863
3422 2034
3423 3931
3424 5641
3425 5016
3426 6221
3427 1632
3430 2515
3431 8474
3432 4153
3434 8440
3435 412
3436 553
3437 2428
3438 5555
3439 7756
3440 4344
3441 944
3442 1697
3443 312
3445 5548
3446 3381
3447 5511
3448 6718
3449 3942
3450 175
3451 8112
3452 4482
3454 2154
3456 6487
3457 7331
3458 1767
3459 7886
3460 7020
3462 7146
3463 4935
3465 6556
3466 8547
3467 5617
3468 7726
3469 5726
3470 7062
3472 4270
3473 3105
3474 8057
3475 2938
3476 3033
3477 7902
3478 1571
3479 1910
3480 4849
3484 3079
3486 7492
3487 1896
3488 4217
3489 1680
3491 8260
3492 7194
3493 238
3494 508
3495 5141
3496 6370
3499 2843
3500 3894
3501 7383
3502 7683
3503 7640
3504 5808
3505 1542
3506 4786
3507 3784
3508 958
3509 5371
3511 7410
3512 1405
3513 5032
3515 1357
3517 8071
3521 5382
3522 2266
3524 6869
3525 917
3526 8328
3527 256
3528 274
3529 3144
3530 7486
3531 5862
3532 1059
3533 587
3535 6783
3536 1315
3537 1386
3538 6826
3539 7809
3540 2351
3541 5875
3542 483
3543 5146
3544 5631
3545 8573
3547 1833
3548 5035
3549 2696
3550 5066
3553 6590
3554 6001
3555 93
3556 3225
3557 1015
3558 3343
3559 2533
3561 1986
3562 8229
3563 6235
3565 6398
3566 7991
3567 5518
3568 8414
3569 4660
3570 2041
3571 724
3573 7812
3574 3618
3575 4312
3576 3521
3577 8201
3578 1847
3579 6024
3581 1125
3582 3922
3583 225
3585 6032
3586 7595
3587 1659
3588 4934
3590 4198
3591 3685
3592 5192
3593 5369
3594 3820
3595 7072
3597 5395
3598 7339
3599 6025
3600 1023
3602 595
3604 441
3605 4710
3606 123
3607 814
3608 2070
3609 5400
3610 5597
3612 6113
3613 4033
3614 902
3615 895
3616 2106
3617 2880
3618 4973
3620 2883
3621 461
3622 7377
3623 7903
3624 1884
3625 8163
3626 458
3628 1292
3630 3694
3631 6515
3632 329
3634 850
3635 7727
3637 1861
3638 6853
3639 7366
3640 8363
3641 3928
3642 3946
3643 4072
3644 7230
3646 7563
3647 4715
3648 4231
3649 1959
3650 7842
3651 7589
3652 7369
3653 8259
3655 372
3658 5385
3659 4519
3660 8338
3661 3864
3662 1301
3663 4811
3664 4949
3665 6685
3666 3000
3667 4947
3668 2142
3669 6259
3670 449
3671 8392
3672 6716
3673 4906
3674 8355
3675 7419
3676 384
3677 143
3680 6449
3681 5089
3682 2353
3683 3581
3684 7753
3685 3186
3688 3651
3690 4685
3692 3760
3693 2368
3696 3314
3697 1813
3698 6987
3699 2503
3700 2378
3701 201
3702 7815
3703 5986
3705 7621
3706 5710
3708 8576
3709 8514
3710 5903
3712 3129
3713 1156
3714 2537
3715 2466
3716 1311
3718 4995
3719 3850
3720 612
3721 5226
3722 3092
3723 162
3724 3787
3726 4303
3727 5225
3728 4900
3729 7031
3730 8382
3731 3400
3732 2027
3733 3522
3734 5174
3735 1972
3736 6909
3738 2977
3739 6148
3740 4076
3741 6608
3742 4720
3743 6495
3744 6192
3745 2904
3746 1715
3747 5389
3748 5857
3749 946
3750 2005
3751 7443
3754 8463
3756 2031
3757 5630
3758 3089
3759 2805
3760 3804
3761 8211
3763 903
3764 3125
3765 5690
3766 4207
3767 5479
3769 851
3770 1159
3771 2569
3772 1343
3774 6731
3775 1950
3777 1155
3778 5228
3780 3140
3781 1968
3782 7734
3783 993
3786 8101
3788 4047
3789 6513
3790 3903
3791 4215
3794 739
3796 7278
3797 7298
3798 7652
3799 3339
3805 6835
3806 2440
3807 5628
3809 7375
3811 7247
3812 1453
3814 7559
3815 4289
3816 8008
3818 3966
3819 5959
3820 6714
3821 2159
3822 6551
3823 1148
3824 1241
3825 3955
3826 2784
3827 1323
3828 4866
3830 8537
3831 1325
3834 5261
3836 7766
3837 108
3838 7461
3839 2633
3840 1406
3841 3399
3842 3973
3844 7169
3845 2570
3846 7158
3849 5266
3850 1980
3851 5950
3852 1466
3853 7494
3855 2188
3856 6490
3857 4894
3859 7275
3860 5309
3861 3821
3862 8308
3865 1689
3866 6689
3867 534
3868 3132
3870 6921
3873 4740
3875 7481
3878 840
3879 1044
3880 4528
3881 6344
3882 8460
3883 1870
3884 491
3885 6805
3886 2849
3887 6498
3888 8319
3889 5938
3891 5551
3892 5083
3894 7669
3895 5968
3897 8092
3898 908
3899 2837
3900 3271
3901 7519
3902 2756
3904 6973
3905 7335
3906 3649
3907 2625
3908 4001
3909 957
3911 3593
3913 313
3914 754
3915 4065
3916 1237
3917 5809
3919 6717
3920 1661
3921 2922
3923 2795
3924 3039
3925 561
3926 5909
3927 680
3928 4310
3929 4651
3930 1381
3931 7426
3932 7254
3933 8366
3934 4132
3935 4629
3937 8292
3938 3569
3939 8305
3940 3374
3941 7574
3942 593
3944 7884
3945 3297
3946 1304
3947 1637
3948 6039
3949 4175
3950 3311
3951 140
3952 620
3953 8110
3954 506
3955 4085
3956 2606
3957 7970
3959 43
3961 537
3962 6125
3963 3568
3964 6693
3965 3045
3966 68
3967 4780
3968 1222
3969 7060
3970 5819
3971 1532
3972 661
3973 6462
3974 6604
3976 4323
3977 5824
3978 6159
3979 1160
3982 1742
3984 4781
3985 4410
3987 3493
3988 8359
3989 1262
3990 5454
3991 4915
3992 5781
3993 5307
3994 5102
3995 4319
3996 5350
3997 2474
3998 6312
4001 3818
4002 6129
4003 5817
4005 6253
4006 4418
4007 1396
4008 4387
4009 5167
4010 367
4012 300
4013 4116
4015 4148
4016 7690
4017 4297
4019 6951
4020 8184
4021 515
4022 7393
4023 4276
4024 6741
4026 5194
4027 695
4030 4500
4031 1419
4032 6294
4034 1536
4035 6884
4036 2476
4037 3888
4038 6223
4039 4449
4040 1619
4041 5185
4042 5702
4043 3160
4044 6300
4045 790
4048 2232
4049 355
4050 3517
4051 3124
4052 5412
4053 6263
4055 2224
4056 7977
4057 6413
4058 5476
4059 2721
4060 44
4061 6678
4062 1904
4063 8378
4064 16
4065 5913
4066 890
4068 718
4069 2760
4070 7665
4071 494
4072 1549
4073 8331
4074 8466
4076 5930
4077 250
4078 1556
4079 3914
4080 6058
4081 4473
4082 6995
4084 2697
4087 8344
4088 797
4089 191
4090 6881
4091 3844
4093 2868
4094 1034
4095 6552
4097 7088
4099 3846
4100 2768
4101 273
4103 7204
4104 4875
4105 6623
4106 2991
4107 3283
4108 859
4109 5584
4110 4131
4111 6224
4112 4273
4113 3004
4114 6541
4115 4732
4116 5007
4117 2772
4118 688
4120 1753
4121 8214
4122 7229
4125 6328
4126 7259
4127 409
4128 2505
4129 6184
4133 7446
4134 5402
4136 3503
4137 4859
4138 241
4140 452
4141 5349
4142 2673
4143 4568
4144 8231
4145 3318
4146 294
4147 2119
4148 7952
4149 7028
4153 3266
4155 1568
4157 1635
4158 4290
4159 5600
4162 304
4163 914
4164 7384
4165 5502
4166 2651
4168 8496
4170 1644
4171 6644
4172 1219
4173 4160
4174 448
4175 8064
4176 3416
4178 223
4179 7699
4180 7416
4181 271
4182 3006
4183 7662
4185 2649
4186 528
4187 8082
4189 7947
4190 8155
4191 1295
4192 7830
4193 2400
4194 4922
4195 4267
4197 1560
4198 8508
4199 6200
4200 3372
4201 3472
4202 4112
4203 2145
4204 6142
4205 837
4206 2543
4207 2320
4209 1047
4210 1964
4212 5232
4213 3076
4214 2424
4215 7539
4217 5934
4218 4220
4219 4925
4220 3443
4221 470
4222 232
4223 1141
4224 7738
4225 6746
4226 6349
4228 4837
4229 4370
4230 2693
4231 2759
4232 1320
4233 4717
4234 1107
4235 5981
4236 6152
4237 4499
4238 4843
4240 716
4241 1525
4243 4154
4245 3884
4246 5443
4247 3349
4248 1391
4249 5002
4250 7893
4252 7415
4254 203
4255 8203
4256 7751
4257 4699
4258 4058
4259 416
4260 1754
4261 3950
4262 5462
4263 2951
4264 3968
4265 1505
4266 6504
4268 1056
4269 5608
4270 6729
4272 4770
4273 5418
4275 6385
4276 2900
4277 516
4278 4829
4279 583
4280 4274
4281 5805
4282 7321
4283 6070
4284 3231
4286 8208
4287 1869
4288 6171
4289 2328
4290 6943
4291 6040
4292 4282
4293 7627
4294 1322
4295 7299
4296 3347
4297 3831
4300 6
4301 2924
4303 1706
4304 6011
4305 5474
4306 1779
4307 3115
4308 8335
4309 5494
4310 3021
4311 6482
4312 3661
4313 218
4315 6366
4316 5586
4317 1046
4318 1001
4320 8127
4321 4567
4322 6923
4323 3615
4324 3435
4327 4022
4328 5457
4329 1953
4330 7645
4332 1137
4333 2654
4334 4919
4335 2685
4337 7530
4338 3708
4339 643
4340 5895
4341 1577
4342 2081
4343 5293
4344 3430
4345 6381
4346 6012
4347 615
4348 1653
4350 8455
4351 2653
4353 7456
4355 7236
4356 3150
4359 7086
4361 3927
4362 1316
4363 5724
4366 4522
4369 272
4370 5290
4371 4362
4372 392
4373 4372
4374 3594
4375 3445
4377 3858
4378 8245
4379 5666
4380 1302
4381 4356
4383 2753
4384 8066
4385 5205
4386 2017
4387 4977
4388 6265
4392 8315
4393 5202
4395 8349
4397 8252
4398 5301
4401 5665
4402 5776
4404 2146
4405 3307
4406 3683
4407 6843
4409 3660
4412 6735
4414 3695
4415 6028
4416 6286
4417 1480
4418 7711
4419 2655
4420 3732
4421 6132
4424 6664
4425 1812
4426 7404
4427 7123
4428 7084
4429 5838
4430 5971
4432 2337
4433 5602
4434 4737
4435 4844
4436 4380
4437 7001
4438 8451
4440 6310
4441 4868
4442 4363
4443 6150
4444 3199
4445 307
4446 5563
4447 1543
4448 6488
4449 2846
4451 7029
4452 3108
4453 8318
4454 5612
4455 6953
4456 8465
4458 5154
4460 2412
4462 4122
4463 2014
4464 6134
4465 36
4466 331
4469 6807
4470 2976
4472 260
4474 1238
4475 4497
4476 4756
4477 4690
4478 1060
4480 8058
4482 5725
4483 5744
4484 5514
4485 6876
4486 5688
4487 6827
4489 4247
4490 244
4491 8322
4492 3371
4494 4423
4496 1893
4497 2820
4498 4639
4499 2217
4502 3534
4503 5813
4504 3709
4506 4368
4510 5383
4511 7356
4512 8325
4513 509
4515 210
4516 3441
4518 6692
4519 1242
4521 2173
4522 1375
4523 3300
4524 6533
4526 3994
4527 7045
4528 249
4529 1121
4530 7104
4531 8048
4532 8011
4534 668
4535 1335
4537 3
4538 2011
4540 4384
4541 7848
4542 8295
4543 4016
4548 2520
4552 4655
4553 545
4554 8486
4555 71
4556 7527
4557 280
4558 2610
4560 823
4561 2191
4562 6034
4563 3940
4564 4762
4566 4735
4567 5246
4570 7125
4571 6961
4572 2226
4573 709
4574 216
4575 7115
4577 1518
4579 3790
4580 366
4581 7931
4582 5526
4584 1048
4585 4637
4586 7497
4587 5143
4588 3731
4589 8313
4590 330
4591 3173
4592 2709
4594 5539
4595 4243
4596 8159
4597 6808
4598 7870
4600 57
4603 3234
4605 475
4606 3589
4607 1365
4608 6940
4610 1102
4611 5878
4612 5216
4613 2950
4615 1108
4616 6964
4618 1173
4619 5300
4621 7811
4622 1983
4623 3047
4624 1360
4625 6250
4626 4909
4627 1150
4628 4575
4630 2989
4632 5566
4633 336
4634 411
4635 6508
4636 7147
4637 2701
4638 2433
4639 1308
4640 7177
4641 3164
4642 6756
4643 7628
4644 7235
4645 6774
4647 6073
4648 7465
4649 6313
4651 7979
4652 1427
4653 4503
4654 6354
4656 1035
4658 4876
4659 4630
4660 5976
4661 2727
4664 2485
4665 1095
4667 7806
4668 2176
4669 6958
4670 6633
4672 884
4673 8105
4674 6582
4675 6033
4676 5766
4677 6988
4678 2454
4679 7913
4680 6475
4683 3670
4684 5758
4685 6591
4686 7622
4687 1449
4688 7049
4689 4413
4690 5735
4691 182
4694 3376
4695 1428
4696 8438
4698 6990
4700 8429
4701 7940
4702 734
4703 7513
4704 5611
4705 524
4706 3210
4707 6570
4708 949
4709 5238
4710 2713
4711 4686
4712 2304
4713 8198
4714 7545
4715 7981
4716 869
4719 887
4721 58
4722 5532
4723 563
4725 2009
4726 1382
4727 3800
4728 3830
4729 577
4731 7091
4732 7857
4733 5000
4734 841
4735 6099
4736 1486
4738 5230
4739 2325
4741 654
4744 3233
4745 7505
4746 870
4747 2167
4748 6415
4749 4034
4750 710
4751 493
4752 644
4754 6575
4755 8081
4756 5294
4757 4645
4758 5360
4759 4661
4760 4249
4762 8047
4763 7188
4764 7570
4765 5493
4766 4602
4767 8167
4768 4502
4769 270
4770 4275
4771 7470
4772 8156
4773 4880
4774 3048
4775 6082
4776 8197
4779 8360
4780 7974
4781 131
4782 4555
4784 3390
4785 7097
4786 6653
4787 8570
4788 7439
4790 4810
4791 245
4792 1513
4793 3802
4794 3623
4795 7515
4796 4855
4797 7006
4798 1878
4799 2026
4800 7132
4803 5491
4804 1828
4805 4640
4807 173
4808 7379
4809 2571
4810 3852
4811 1271
4812 937
4814 7996
4816 5747
4817 5823
4818 7679
4819 2261
4820 2370
4821 4747
4822 2363
4823 983
4824 2825
4826 7389
4827 4623
4828 2861
4831 5907
4832 2889
4833 6149
4834 6004
4835 3553
4836 704
4837 3711
4838 6276
4839 3885
4841 2133
4842 6968
4844 5172
4845 1808
4846 4079
4847 1760
4849 6543
4850 4348
4851 6724
4852 7874
4853 115
4854 3191
4855 715
4856 8026
4857 871
4858 7926
4860 96
4862 8543
4863 6096
4864 4903
4865 3032
4869 1081
4870 1816
4871 6705
4872 2581
4873 7609
4874 3500
4875 3060
4876 1695
4878 854
4880 5419
4882 2812
4884 482
4885 1539
4887 2645
4888 5049
4889 4261
4891 2381
4892 2939
4893 80
4894 4887
4896 930
4897 1012
4898 8283
4899 5753
4900 7891
4902 4888
4903 3768
4904 5109
4905 8299
4907 8502
4908 1627
4910 4708
4911 6267
4912 2700
4913 896
4917 6062
4919 4953
4921 6971
4922 2111
4924 5755
4925 4853
4928 6019
4929 8497
4930 1877
4934 1783
4935 2197
4936 7175
4937 5198
4938 3229
4939 6342
4940 6736
4941 2085
4944 6638
4945 3774
4946 8329
4948 8427
4949 4544
4950 4367
4951 7087
4952 7011
4953 3743
4954 2995
4955 7706
4956 3230
4957 5759
4958 2243
4959 5687
4960 5663
4961 5178
4962 6262
4963 4457
4964 7345
4966 4529
4967 7471
4969 1952
4970 2643
4972 18
4973 2105
4974 1787
4975 2858
4976 2534
4978 3516
4980 7180
4981 5620
4983 7208
4984 5569
4985 4791
4986 7238
4989 3754
4990 414
4992 4733
4993 7596
4994 2604
4997 497
4998 4360
4999 268
5001 3157
5002 4114
5003 7688
5004 757
5005 189
5006 138
5007 3812
5008 7373
5012 733
5013 3595
5014 5286
5016 3116
5018 5520
5019 6801
5020 1435
5021 3417
5022 3737
5023 3037
5025 696
5026 3625
5027 8393
5028 1024
5029 4277
5031 2471
5033 5929
5034 1867
5035 5836
5037 473
5038 7630
5040 8220
5041 8426
5042 2787
5043 6586
5044 5757
5045 1669
5046 4971
5047 297
5048 3356
5049 1188
5050 2855
5051 8293
5052 7468
5053 634
5054 6102
5056 5018
5057 2835
5058 4800
5059 6218
5060 8137
5063 430
5064 4180
5065 2842
5067 1397
5068 6568
5069 6386
5071 284
5072 1094
5073 2978
5074 6483
5075 1193
5076 3939
5077 5410
5078 7748
5080 6703
5081 7074
5082 810
5083 3097
5084 7107
5086 3642
5087 248
5088 788
5090 7775
5092 6264
5094 5463
5095 3664
5097 3438
5098 5848
5099 7269
5101 142
5102 2544
5103 2824
5104 6739
5106 1665
5107 285
5108 5091
5110 4390
5111 627
5112 936
5113 5841
5114 1395
5116 2429
5117 6072
5118 6393
5119 3566
5120 2761
5121 3241
5123 7618
5124 8063
5129 4393
5130 7096
5131 913
5133 2546
5134 5166
5135 2241
5137 279
5138 2387
5139 590
5140 4531
5141 699
5142 4355
5144 4869
5145 4635
5146 7845
5147 4379
5148 7717
5149 5920
5150 970
5151 1735
5152 4994
5153 6227
5154 4538
5155 4308
5156 6922
5158 6136
5159 705
5161 5684
5162 3351
5163 1737
5164 564
5165 2560
5166 7846
5167 1297
5168 7099
5169 569
5170 7109
5171 7191
5174 7138
5175 6340
5177 5128
5178 6368
5179 1344
5180 8300
5181 4634
5182 7466
5183 8074
5185 2896
5187 5275
5189 6361
5190 6941
5191 3005
5192 4871
5194 3564
5195 5012
5196 5328
5197 5699
5198 5030
5199 5939
5200 2048
5201 6156
5203 586
5204 2943
5206 2096
5207 6456
5208 2296
5209 7251
5211 8334
5212 1317
5213 1836
5214 5800
5215 7200
5216 6009
5217 7018
5218 427
5219 5320
5220 7808
5221 6187
5222 6892
5223 1104
5224 2294
5225 5956
5227 6733
5228 3501
5229 1890
5231 5639
5232 6555
5234 4726
5235 5438
5236 2207
5239 7113
5240 2000
5241 6330
5242 3496
5243 5827
5244 2435
5245 2245
5246 2901
5247 1288
5248 2970
5249 4138
5250 6753
5252 4465
5253 7735
5254 3188
5256 743
5257 2063
5258 4389
5259 775
5260 2324
5261 2806
5262 626
5264 5564
5265 4980
5266 3785
5267 6557
5269 6566
5270 3823
5271 4095
5272 1444
5274 8168
5275 7770
5277 328
5280 3921
5281 6903
5282 5802
5283 1151
5284 7108
5285 8205
5286 7980
5288 3385
5289 3421
5292 3031
5293 2262
5296 1414
5297 8343
5298 5760
5299 6830
5300 633
5301 3232
5302 7924
5303 808
5304 3934
5305 7703
5306 5177
5307 320
5309 242
5310 5055
5311 6715
5312 3799
5313 4698
5316 7985
5317 1142
5318 2802
5320 2279
5322 1025
5323 167
5324 6768
5326 4007
5327 5416
5328 6274
5329 7561
5330 3049
5331 2647
5333 8187
5335 1936
5336 3619
5338 3996
5340 8160
5341 5270
5342 124
5343 6599
5344 4314
5345 5236
5346 7231
5349 1176
5350 2732
5351 4802
5352 6728
5353 6248
5354 5046
5355 3141
5356 4641
5357 3872
5358 4064
5359 4823
5360 3334
5361 682
5362 4210
5363 7136
5364 8269
5366 217
5367 3713
5368 54
5369 7791
5370 2720
5371 5940
5372 1455
5373 5900
5374 81
5375 3740
5377 4005
5378 6631
5379 4441
5380 1350
5381 5655
5382 6818
5383 762
5384 6659
5386 4764
5387 5866
5388 3198
5389 6880
5390 3333
5391 6230
5392 5116
5394 5583
5395 7588
5397 3082
5398 6429
5399 665
5400 1898
5401 1731
5403 3101
5404 7777
5405 6527
5407 7767
5408 6434
5409 1725
5410 1329
5411 6955
5412 6084
5413 2190
5414 1052
5415 4517
5417 6111
5418 1759
5419 8239
5420 2391
5421 7994
5422 27
5423 8003
5424 3427
5425 4610
5427 7820
5429 6074
5431 471
5432 3331
5433 3335
5435 5152
5436 6866
5438 3120
5439 6247
5440 7216
5442 3648
5443 2343
5444 5098
5445 1098
5446 5376
5447 8007
5449 2010
5451 8129
5452 4807
5453 3075
5455 4921
5456 6749
5457 2785
5458 1031
5459 4293
5460 8493
5463 7258
5464 7048
5465 4676
5468 2402
5469 4031
5471 3601
5472 7547
5473 5998
5475 3742
5476 2470
5477 3053
5478 5911
5479 1788
5480 4099
5482 7649
5483 7634
5484 3786
5486 7843
5487 100
5488 1535
5489 6873
5491 3982
5492 90
5493 6536
5494 2751
5495 8001
5496 2792
5498 3647
5499 1319
5500 8274
5502 1185
5503 5605
5505 5933
5506 5885
5507 6720
5508 150
5509 2734
5510 5181
5511 4991
5513 7249
5514 1873
5515 6422
5516 7140
5518 4474
5519 7126
5520 6558
5521 405
5522 1168
5523 5164
5524 2053
5525 4371
5526 3262
5530 1593
5532 2797
5533 6261
5536 204
5537 1254
5538 5471
5539 1814
5540 1332
5541 3042
5542 3110
5544 1062
5546 3373
5547 4852
5548 7265
5549 7499
5550 4287
5552 5814
5553 8368
5555 3659
5559 5750
5560 2252
5561 3676
5562 5743
5563 5902
5564 6885
5566 1229
5567 4469
5568 7572
5569 4010
5570 1186
5573 7039
5574 6234
5575 3531
5576 5409
5577 5632
5579 4292
5581 7987
5582 3402
5583 7675
5584 5428
5585 1071
5586 2038
5588 522
5589 7316
5590 5787
5591 3502
5592 6083
5593 7256
5594 3146
5595 3027
5596 1750
5597 2580
5598 5095
5601 1029
5602 4172
5603 6956
5605 480
5607 6397
5608 6343
5611 1461
5612 6890
5614 1557
5616 1658
5617 3454
5618 4505
5619 181
5620 8012
5621 7696
5622 4931
5624 5513
5625 7973
5626 4682
5627 2346
5628 6395
5629 6910
5630 803
5631 7624
5633 7776
5634 2326
5635 2028
5636 7713
5637 2724
5639 7749
5640 4227
5643 315
5644 8210
5646 6038
5648 2899
5649 3809
5650 7823
5651 6936
5652 678
5653 6432
5655 1849
5656 846
5657 5872
5658 8054
5659 6164
5660 5125
5662 153
5663 809
5665 4437
5666 4318
5667 3248
5668 5214
5669 6882
5670 2563
5671 3499
5672 104
5673 2689
5675 3574
5676 4520
5677 6583
5678 2451
5679 7938
5680 7433
5681 5259
5682 1537
5683 3808
5684 4425
5685 1337
5686 1352
5687 4938
5688 5106
5689 4092
5690 529
5692 526
5693 2829
5694 8529
5695 7156
5696 3177
5698 6639
5699 1063
5700 2864
5701 4814
5703 1886
5704 1566
5706 8367
5708 3851
5709 3856
5710 6242
5712 3489
5713 7040
5715 4983
5716 5546
5717 2069
5718 552
5719 5987
5720 723
5721 7423
5722 4669
5723 566
5724 4262
5725 4609
5726 50
5727 1643
5729 7257
5731 2986
5732 6776
5733 5711
5735 1027
5736 6051
5738 3252
5739 6991
5740 3403
5741 7195
5742 5517
5743 3206
5744 8354
5745 1418
5746 2398
5747 8448
5748 7635
5751 7658
5752 8503
5755 1626
5757 5149
5759 1692
5760 94
5764 3567
5765 6283
5766 7925
5767 3291
5768 1719
5769 3915
5770 2955
5771 432
5772 2492
5774 5343
5775 5063
5776 2164
5777 5003
5778 4766
5780 8166
5781 2357
5782 5092
5783 5849
5784 4542
5786 7056
5787 3185
5788 1994
5790 1349
5793 2839
5794 2223
5796 1003
5797 2522
5798 6095
5799 4564
5800 19
5801 8374
5802 2168
5803 2311
5804 2841
5805 7617
5806 1232
5807 5279
5808 7700
5809 3511
5810 2699
5811 6036
5812 7304
5813 4749
5815 7871
5816 2588
5817 2271
5818 8042
5820 120
5821 5745
5822 1888
5824 5731
5826 8032
5827 1310
5828 6100
5829 1844
5830 6762
5831 5790
5832 3093
5834 5811
5835 771
5837 693
5838 792
5839 7655
5841 4526
5843 4689
5844 5820
5846 5057
5847 6333
5848 5440
5849 4229
5850 628
5852 6451
5853 3432
5854 1348
5855 287
5856 7855
5857 7869
5859 5422
5860 3338
5861 3072
5862 5925
5863 3396
5864 832
5866 1997
5868 6858
5869 6625
5870 1225
5871 7768
5872 7174
5873 3984
5874 3590
5875 1266
5876 1278
5877 1109
5878 4041
5880 2816
5881 6893
5883 2801
5884 6796
5885 7378
5886 7368
5889 1649
5890 1987
5891 2295
5892 707
5893 1580
5894 2376
5895 3001
5896 994
5898 5436
5899 7498
5900 7212
5901 5168
5902 5983
5903 3284
5904 4235
5905 3057
5906 1721
5908 3405
5909 2309
5910 6176
5912 2523
5913 5288
5914 2500
5915 7681
5916 6244
5917 6484
5918 4821
5919 5547
5920 3880
5923 728
5925 6106
5926 431
5928 5676
5929 6169
5931 8193
5932 5965
5935 4488
5937 2318
5939 3041
5940 2737
5942 2624
5943 2583
5944 2475
5945 4174
5946 403
5947 527
5948 607
5950 7575
5951 4751
5952 3312
5953 286
5954 5884
5955 4914
5956 1203
5958 5570
5959 7193
5961 8475
5963 3413
5965 931
5968 962
5969 5534
5971 5932
5972 6506
5973 107
5975 179
5976 985
5977 4478
5978 8506
5979 3913
5980 7550
5981 6820
5984 5267
5985 1006
5986 2946
5987 2150
5988 7334
5989 8391
5991 5017
5992 6764
5995 1235
5996 4012
5999 794
6001 1139
6002 6069
6004 3147
6005 1448
6006 894
6007 6060
6008 3127
6009 7859
6011 2749
6014 1313
6015 7440
6016 1353
6017 7544
6019 7614
6020 5114
6023 4208
6024 3869
6025 5754
6026 2417
6027 3195
6029 3163
6030 1713
6032 6658
6033 919
6034 6175
6037 3868
6038 2220
6039 692
6040 352
6042 4865
6043 603
6044 5227
6045 8255
6046 4508
6047 3071
6048 4271
6050 8051
6051 6309
6052 4451
6053 6388
6054 5523
6055 3327
6056 855
6057 6459
6058 923
6059 4212
6060 5918
6061 8515
6063 804
6064 2484
6065 5615
6066 7698
6067 4992
6068 5104
6069 7862
6070 1300
6071 369
6072 2507
6073 6595
6074 4222
6075 5461
6076 5068
6077 2524
6080 7244
6081 2678
6082 698
6083 4341
6084 390
6085 8462
6086 195
6087 2080
6088 3639
6089 1834
6090 6917
6091 2770
6092 6628
6093 7444
6094 3832
6096 2436
6098 3761
6099 4856
6101 4825
6103 3100
6104 3692
6105 5542
6106 1906
6107 3409
6108 8143
6110 3069
6111 434
6112 7704
6113 1966
6115 6600
6116 6769
6117 3638
6118 736
6120 3345
6121 4673
6122 1434
6123 4147
6124 585
6125 7825
6126 7568
6127 7330
6128 6619
6129 2002
6130 536
6132 8079
6133 8151
6134 1230
6135 1287
6136 7361
6137 4999
6138 1663
6140 4074
6141 2091
6142 6172
6143 1777
6145 5050
6146 6030
6148 2050
6149 6133
6150 6915
6151 3324
6153 5097
6154 3987
6155 198
6157 301
6158 3428
6159 1743
6160 893
6161 6124
6162 4258
6163 2057
6164 5652
6165 125
6166 3070
6167 4144
6168 8333
6169 2705
6170 3285
6171 4746
6172 7463
6173 6251
6174 8387
6175 7381
6177 3119
6178 1146
6179 3775
6180 4730
6181 3189
6183 6237
6184 3658
6185 4150
6186 6086
6187 5392
6188 1920
6189 6005
6190 1601
6192 4581
6193 1100
6194 7386
6196 5626
6197 2628
6198 1409
6201 5213
6202 6539
6203 6579
6204 5870
6205 8471
6206 3104
6207 5321
6208 7817
6209 8104
6210 8398
6211 5992
6213 7165
6214 3602
6215 1245
6217 729
6219 4854
6220 6785
6222 4796
6226 7878
6227 3344
6228 4987
6229 5692
6230 6115
6231 155
6232 3216
6233 3622
6234 8385
6235 6446
6236 6157
6237 1333
6238 6834
6239 4056
6240 8043
6241 5313
6242 5970
6243 4018
6244 5686
6246 1363
6248 6578
6249 6220
6250 156
6251 7673
6252 2778
6253 7794
6255 2668
6257 7312
6259 6841
6261 7608
6262 2045
6263 6906
6264 7715
6265 5603
6266 1255
6267 5465
6268 1441
6269 1247
6270 1000
6271 6277
6273 1855
6274 6420
6276 2228
6277 7971
6278 462
6279 8015
6280 7918
6281 6335
6282 6212
6284 3253
6285 5189
6286 4561
6287 192
6288 5949
6289 3778
6290 5643
6291 4139
6293 6709
6294 296
6295 1475
6296 2819
6297 2459
6298 1688
6300 2255
6301 7526
6302 741
6304 2885
6305 1149
6306 6771
6307 4709
6308 2669
6309 777
6310 6204
6311 4959
6312 2630
6315 3348
6316 773
6317 2383
6318 1755
6319 6865
6320 2636
6322 1482
6323 1398
6324 3936
6325 6151
6326 2194
6327 6814
6328 2446
6329 5834
6330 3841
6331 1927
6332 1992
6334 2725
6335 8242
6336 7033
6339 1590
6340 3815
6342 1531
6344 4436
6345 594
6346 5487
6347 6799
6348 7007
6349 1283
6350 4184
6351 6751
6353 518
6354 3289
6355 6376
6356 5179
6359 2445
6360 3370
6362 6611
6363 1782
6364 7297
6365 3202
6366 6641
6367 1881
6368 7887
6369 1458
6370 2052
6371 5065
6372 2971
6373 398
6374 1609
6375 8556
6376 2108
6377 4923
6378 7998
6380 3050
6381 6857
6384 214
6385 356
6386 8099
6388 8016
6389 1803
6390 3585
6392 5599
6393 7950
6395 1929
6396 83
6397 8324
6398 6904
6399 75
6400 2504
6402 1274
6403 8281
6404 1089
6406 7610
6409 6178
6410 5978
6411 662
6412 5199
6414 1273
6417 8152
6419 945
6420 5310
6421 8192
6422 3697
6423 3487
6426 1981
6428 5752
6429 1990
6430 188
6431 3003
6432 1417
6433 5375
6434 2584
6435 2706
6437 2921
6438 4096
6439 8554
6440 3275
6441 877
6442 5433
6443 5951
6445 5905
6446 8235
6447 3721
6448 691
6449 4743
6450 231
6451 868
6452 1043
6453 3279
6454 6782
6455 3423
6456 1268
6457 660
6458 30
6459 2963
6460 6737
6461 6066
6462 2126
6463 467
6464 8312
6465 8389
6466 5830
6467 7186
6468 3972
6469 1745
6470 7176
6472 652
6473 3847
6474 8410
6476 5667
6477 2729
6478 7956
6479 5384
6480 6721
6481 147
6482 1498
6483 3362
6484 2926
6485 7976
6486 5727
6488 7455
6490 3991
6492 3026
6493 3332
6494 3265
6495 3781
6496 4313
6497 1586
6499 6615
6500 3929
6502 5366
6503 172
6504 4143
6505 6864
6506 6537
6508 1199
6510 3604
6511 2219
6513 2632
6514 4803
6515 5815
6516 5489
6517 4885
6518 3836
6519 4511
6520 5346
6521 2681
6522 6163
6524 5995
6525 5739
6526 6121
6527 7659
6528 1794
6529 7792
6530 7790
6531 6317
6532 4547
6533 761
6534 7134
6535 5260
6536 8140
6538 6369
6539 1965
6540 8254
6541 934
6542 6868
6543 4394
6544 8345
6546 1660
6547 8495
6548 1330
6549 134
6550 624
6551 6155
6552 1351
6553 2109
6554 6699
6556 8400
6557 220
6558 1483
6559 4278
6561 5923
6562 7600
6563 5507
6564 6239
6565 4968
6566 2157
6567 2024
6568 7076
6569 6983
6570 7250
6573 3724
6574 8106
6576 8227
6577 7850
6578 4225
6579 5069
6580 7396
6583 7403
6584 5186
6585 5173
6586 7743
6587 1183
6589 1789
6590 7233
6591 5833
6592 6831
6594 4899
6595 7496
6596 6122
6597 4263
6598 8504
6601 130
6603 7094
6605 881
6606 686
6607 5087
6608 3276
6610 6410
6611 4793
6612 2780
6613 1785
6615 46
6616 8265
6617 1190
6618 1747
6619 3340
6620 740
6621 2467
6622 5644
6623 6545
6624 6974
6625 4427
6626 1214
6627 1354
6628 4627
6630 1355
6631 2834
6632 4443
6633 4943
6634 5864
6635 6047
6636 6601
6637 7340
6638 5019
6639 4197
6640 6742
6641 5614
6642 6621
6643 2941
6644 3912
6646 8372
6647 1523
6648 2093
6649 1384
6650 4431
6651 4570
6653 455
6654 636
6655 3518
6657 4719
6658 3401
6659 1250
6660 7772
6662 5689
6663 5122
6664 4080
6665 4967
6666 2490
6667 604
6668 5498
6669 1846
6670 6166
6671 557
6674 8069
6675 2659
6676 513
6677 2247
6678 1105
6679 8481
6680 5990
6681 5773
6682 4254
6683 2151
6685 2775
6686 725
6689 1771
6690 1445
6691 7267
6692 5595
6693 261
6696 3220
6697 8133
6699 6128
6700 1529
6701 5771
6702 6626
6703 4300
6704 6564
6706 3303
6707 3772
6708 4250
6709 1716
6710 5543
6711 3948
6712 5448
6713 8569
6714 5675
6715 3439
6716 5590
6718 5535
6720 7273
6721 5948
6725 1634
6727 1970
6729 4027
6730 2132
6731 7651
6732 5218
6733 4832
6734 3547
6736 5778
6737 7579
6738 5299
6739 1958
6740 2131
6741 4515
6742 4461
6743 5195
6744 2291
6745 1399
6746 6338
6747 2166
6748 6589
6749 1999
6750 3495
6751 4111
6752 6713
6753 1051
6754 4607
6755 2831
6756 5671
6758 4816
6760 7506
6761 171
6762 117
6763 5736
6765 2334
6766 7057
6767 3673
6768 2726
6770 6114
6771 2776
6773 5591
6774 6147
6775 2662
6776 8041
6777 7017
6778 5215
6779 3747
6780 3113
6781 7897
6782 7328
6783 6048
6786 343
6787 5678
6788 8103
6790 2206
6792 2460
6793 999
6795 7536
6796 2790
6797 6763
6798 8164
6800 2675
6801 5138
6802 5576
6803 4420
6804 259
6805 517
6806 6960
6807 4763
6808 2794
6809 4842
6810 4628
6811 2886
6813 4435
6814 4364
6815 1135
6817 8288
6818 5027
6819 7946
6820 7644
6821 4039
6822 3182
6824 5550
6826 4962
6827 8077
6828 6837
6829 1672
6831 7554
6832 8531
6833 7457
6834 2099
6835 7143
6836 4924
6837 5439
6838 6945
6839 7733
6840 7910
6841 3205
6842 79
6843 940
6844 2887
6845 8244
6846 4952
6847 490
6849 864
6850 6217
6851 717
6852 2359
6854 6888
6855 246
6856 7487
6857 5340
6859 8346
6860 5616
6861 2717
6862 2884
6863 843
6864 7723
6865 7552
6866 1985
6867 4173
6869 4794
6871 8509
6873 41
6874 4462
6876 6288
6877 6064
6878 7565
6880 3121
6881 5694
6883 3817
6884 1392
6886 7571
6887 3793
6888 4798
6890 7218
6891 1977
6892 3822
6893 3551
6897 7868
6898 3907
6899 7178
6900 7872
6902 5521
6904 875
6905 796
6906 5522
6907 6365
6908 4019
6910 2312
6911 7141
6913 5927
6914 3515
6915 4932
6916 4644
6917 5009
6918 4135
6919 3875
6920 7864
6922 6607
6925 4004
6926 7241
6927 7901
6928 7866
6929 6920
6930 1528
6931 802
6932 7771
6933 6517
6937 5762
6940 6186
6941 4582
6942 4246
6946 1683
6947 3805
6948 3065
6949 7739
6950 4315
6952 6852
6953 6585
6954 1729
6955 3247
6956 4257
6957 1385
6958 4598
6959 5963
6960 2674
6961 463
6962 7978
6963 3034
6965 4718
6966 2773
6967 4551
6970 264
6972 5779
6973 5314
6974 395
6975 2876
6976 2611
6978 1431
6979 8399
6980 5404
6981 6206
6982 727
6983 7059
6985 2525
6986 7799
6987 1439
6989 2822
6990 6355
6991 4498
6992 4566
6993 5123
6994 6174
6995 385
6996 2022
6997 2811
6998 4489
7000 3064
7001 1930
7003 6023
7006 6183
7007 5406
7008 8035
7009 6339
7010 8136
7011 1200
7012 5287
7014 3187
7016 7949
7017 5860
7018 8037
7019 4433
7020 7531
7021 4961
7022 8124
7023 6188
7024 7305
7025 5556
7026 4846
7027 1602
7028 2452
7029 520
7030 4309
7031 3404
7032 157
7034 1673
7036 1240
7037 5078
7038 947
7039 2371
7040 5079
7043 6688
7045 5785
7046 7003
7047 3895
7050 3565
7051 2292
7052 2303
7053 3361
7054 206
7055 3579
7056 5832
7057 3679
7058 7963
7060 3558
7062 4358
7063 4002
7064 7038
7067 1911
7068 6017
7070 6682
7071 6359
7072 1318
7073 7865
7074 965
7075 3278
7076 7098
7077 6665
7078 8
7079 2748
7082 6651
7083 3749
7084 2623
7085 6401
7086 2823
7087 6377
7088 4459
7089 6883
7091 7959
7092 7591
7093 6698
7097 3557
7098 5237
7100 1227
7101 6998
7102 6887
7106 6686
7107 4625
7109 8076
7110 1257
7111 2153
7112 4398
7113 4813
7114 6812
7116 3259
7117 1701
7118 1220
7119 3725
7121 6382
7122 6198
7123 4316
7124 5673
7125 7364
7126 3468
7129 4874
7130 8326
7131 6630
7132 782
7134 7844
7135 6994
7136 5846
7137 2595
7138 899
7139 1123
7140 3696
7141 7746
7142 2244
7143 805
7144 4819
7145 942
7147 1021
7148 992
7149 5365
7151 7421
7152 342
7153 6170
7154 3533
7156 5277
7157 4240
7158 7508
7161 7529
7163 5477
7164 5969
7168 3143
7169 4963
7170 4305
7171 7828
7172 6439
7173 8022
7174 3995
7175 4707
7177 2316
7178 6280
7179 442
7183 764
7184 5201
7185 6605
7186 7653
7187 4988
7188 3179
7189 5533
7191 7150
7192 2413
7193 4264
7194 5649
7195 8314
7196 2736
7197 5861
7198 6068
7199 5488
7200 7365
7203 2511
7204 1088
7205 6326
7206 7181
7207 1993
7208 354
7209 2757
7210 8122
7211 423
7212 2968
7214 6760
7215 3172
7216 2259
7217 4484
7218 7398
7219 4759
7221 1002
7222 4509
7223 4044
7224 1739
7225 8477
7226 6624
7227 8302
7228 7362
7229 3114
7230 6999
7231 7797
7233 2379
7234 2875
7235 6007
7236 7999
7238 7626
7239 3611
7240 7625
7241 6295
7242 5020
7243 488
7244 6412
7245 5719
7246 849
7247 3543
7249 4955
7251 2589
7252 2893
7253 5769
7254 492
7255 5545
7256 7137
7257 1807
7258 6870
7259 7534
7260 6836
7262 758
7263 7012
7264 7535
7265 4134
7266 1147
7267 7445
7268 4071
7269 6609
7270 2803
7271 7906
7272 3662
7274 8158
7277 2799
7279 5150
7280 7835
7281 6185
7283 3544
7285 2618
7286 1710
7287 6020
7288 5574
7289 5196
7291 2895
7292 2972
7293 4588
7294 5420
7295 4664
7297 2777
7299 1080
7302 1734
7303 1041
7304 7942
7305 5468
7307 4082
7309 3886
7310 1726
7311 4990
7312 6944
7313 1596
7314 2029
7315 6894
7316 3166
7317 8395
7319 3245
7321 6833
7322 5478
7323 3290
7324 5119
7325 834
7326 4951
7329 3689
7331 6000
7332 2385
7333 8311
7334 2369
7335 1989
7336 5319
7337 2992
7338 1170
7339 3938
7342 3710
7343 7209
7344 440
7345 8062
7346 5263
7347 5734
7348 3833
7349 892
7351 2215
7352 6406
7353 3272
7356 3814
7357 3061
7358 6670
7360 816
7361 623
7362 8142
7363 3527
7364 8417
7365 1309
7367 6123
7369 7302
7370 1429
7371 783
7373 1969
7374 337
7375 7240
7377 6026
7378 5541
7379 7639
7381 4213
7382 4317
7384 5937
7385 8484
7386 530
7387 3313
7389 7041
7390 6778
7391 7741
7392 1162
7393 2407
7394 5274
7395 1157
7397 1122
7398 3196
7400 5756
7401 6750
7402 3346
7404 8470
7405 7336
7406 7071
7408 2033
7409 7598
7410 5252
7411 2442
7412 7206
7413 3744
7414 8221
7415 3462
7417 2763
7418 7914
7419 3192
7421 6266
7422 7785
7424 1116
7425 2310
7428 785
7429 4809
7430 4615
7431 6118
7432 5280
7433 8145
7434 6334
7435 2914
7436 679
7437 755
7439 5892
7441 4216
7442 6540
7443 3835
7444 2040
7445 5373
7446 7898
7447 7451
7448 73
7449 3095
7450 1572
7451 4545
7452 4365
7453 2449
7454 1136
7456 6691
7457 625
7458 1430
7459 3369
7460 735
7462 6094
7463 1548
7464 2074
7469 2297
7470 3524
7471 3336
7472 4777
7473 5115
7474 5659
7475 8577
7476 1117
7478 7674
7480 1358
7481 1676
7482 1570
7483 6289
7485 7458
7486 1722
7487 3633
7488 8487
7489 6565
7490 6648
7492 1472
7493 6454
7494 7686
7495 2670
7497 5705
7498 7435
7499 159
7500 3902
7501 3208
7504 1221
7505 4491
7506 3727
7507 6126
7508 6399
7509 8550
7510 2007
7511 1587
7513 5712
7514 2323
7515 3759
7520 3007
7521 578
7522 4910
7523 2733
7524 2553
7525 3485
7526 3678
7527 357
7528 4181
7529 1364
7530 538
7531 7558
7532 995
7533 103
7534 4330
7535 708
7536 8424
7537 49
7538 7955
7539 6010
7540 1610
7541 721
7542 7128
7543 2498
7545 674
7546 3961
7547 118
7548 2985
7549 319
7551 1684
7552 8394
7553 3123
7554 8189
7555 8351
7559 6846
7560 3949
7561 4485
7562 275
7564 2548
7565 1476
7566 6732
7567 6765
7569 2179
7570 684
7571 1466
7573 6683
7574 2423
7575 6042
7576 7989
7577 4850
7579 3766
7580 3319
7581 3330
7582 5873
7583 1526
7584 6315
7586 2305
7587 6781
7589 5792
7590 7127
7591 3932
7593 6491
7594 4347
7596 2879
7599 1982
7600 6654
7601 5153
7602 5897
7604 8476
7605 3631
7606 2068
7607 8083
7608 703
7609 2932
7610 6021
7611 2438
7612 5269
7613 2798
7614 571
7615 3541
7616 3368
7617 4133
7618 1553
7620 2528
7623 1279
7624 8130
7628 4574
7630 8442
7631 5707
7632 5100
7633 4569
7634 8212
7635 7295
7637 2744
7639 7851
7640 5596
7641 1638
7642 7280
7643 3148
7645 4168
7646 3924
7647 4391
7648 7288
7650 6559
7651 3993
7652 6322
7653 1607
7656 5061
7657 8174
7658 1509
7659 7961
7661 8536
7662 4329
7664 6966
7665 484
7667 5717
7668 4671
7669 215
7670 4237
7672 8262
7674 5311
7675 6305
7676 7167
7677 3959
7678 7490
7679 2582
7680 6859
7681 8297
7683 2317
7684 85
7685 2793
7686 7347
7687 631
7688 7462
7689 3892
7690 2934
7692 7282
7693 5793
7694 646
7696 4286
7697 4659
7698 1583
7699 7827
7700 6284
7701 4345
7702 5828
7703 2591
7705 6613
7706 671
7707 60
7708 2892
7709 7919
7710 7245
7711 2796
7713 6550
7715 3392
7716 6860
7717 3481
7718 8178
7719 8249
7720 1909
7721 1527
7722 2804
7723 3848
7724 3040
7725 5519
7726 4324
7727 269
7728 7485
7729 3923
7730 6842
7731 1810
7732 2538
7733 8056
7734 7953
7735 8428
7736 6913
7737 5577
7738 7106
7739 7569
7741 299
7743 1559
7744 8108
7745 177
7746 7847
7748 4613
7749 67
7752 5506
7754 618
7755 2205
7756 4279
7757 1092
7758 1733
7759 7448
7760 3807
7761 7896
7762 5713
7763 719
7764 8443
7765 3890
7767 3597
7769 1922
7771 3153
7772 1728
7773 610
7774 3450
7777 2288
7778 7085
7780 5377
7781 1132
7782 3825
7783 2300
7784 2006
7785 8146
7786 927
7787 4663
7788 2141
7789 7114
7790 4115
7791 1393
7792 2250
7793 4714
7794 8147
7795 1796
7796 7341
7802 3086
7803 5403
7804 5668
7805 5184
7807 2200
7809 2897
7810 7452
7811 4037
7812 6061
7813 3214
7814 375
7815 5103
7816 1076
7817 8538
7818 1244
7819 6346
7820 5351
7821 8181
7822 6390
7823 7346
7825 1014
7826 1401
7827 112
7828 5765
7829 2702
7831 1945
7832 234
7833 3087
7834 1491
7835 7633
7836 4479
7837 4426
7838 4252
7839 4713
7840 1468
7841 853
7842 7314
7846 5525
7847 5624
7849 5059
7850 6437
7851 2550
7852 6197
7854 5623
7855 3537
7856 5696
7857 6258
7858 2342
7859 5136
7860 996
7861 2827
7862 413
7863 6560
7864 5704
7866 4571
7869 4104
7870 8413
7871 4087
7872 5044
7873 1432
7874 2059
7875 5082
7877 3304
7878 6041
7879 5955
7880 5803
7882 33
7883 3364
7886 876
7887 5008
7888 5458
7889 5572
7890 6854
7892 7474
7893 7428
7895 4415
7896 1647
7897 8551
7898 7984
7899 7824
7900 3891
7901 7004
7904 3466
7905 4833
7906 4456
7907 3992
7908 4084
7909 3977
7911 3102
7912 3118
7913 8396
7914 7637
7915 6672
7918 1110
7920 6357
7921 5105
7922 2073
7923 5396
7924 7285
7925 2993
7926 7055
7929 6241
7930 7453
7931 3706
7932 1390
7933 8206
7934 5740
7935 2723
7936 5979
7937 7290
7938 1718
7939 5120
7940 2966
7941 7264
7943 4882
7944 2192
7945 6015
7946 2859
7947 5234
7948 6375
7949 5512
7950 2260
7952 7702
7955 6336
7956 6519
7957 690
7958 6902
7960 589
7962 2694
7965 5999
7966 8153
7967 1276
7968 1307
7969 540
7970 139
7971 6912
7972 6427
7973 1581
7974 2437
7975 224
7976 2851
7977 5914
7978 2196
7979 8407
7980 5821
7981 7923
7982 465
7984 8564
7985 4294
7986 5654
7987 7325
7988 8435
7989 4088
7990 7160
7991 7521
7992 5484
7993 4236
7994 3309
7995 4091
7996 1177
7997 4333
7998 316
7999 4593
8001 7406
8002 4460
8003 5685
8004 1811
8005 1842
8006 3979
8007 1470
8009 1889
8010 4862
8012 8523
8013 5248
8014 4665
8015 6700
8016 7190
8017 5041
8018 570
8019 5429
8020 6089
8022 5869
8023 2444
8024 3008
8025 7819
8027 955
8028 7042
8029 323
8030 7289
8032 4981
8033 1806
8034 2487
8036 2952
8037 377
8038 8358
8039 4113
8040 584
8041 3874
8043 8089
8044 5609
8045 8251
8046 6924
8048 3563
8049 6933
8050 1793
8051 6662
8052 5073
8053 8532
8054 169
8055 1042
8056 4067
8057 1822
8059 3681
8060 1823
8061 7342
8063 1057
8064 3919
8065 379
8066 1516
8067 6635
8068 4750
8069 3588
8070 47
8071 7789
8072 5295
8073 4334
8074 4693
8076 370
8077 1090
8079 2664
8080 4557
8081 7095
8082 4965
8083 6500
8084 6617
8085 763
8086 906
8087 8572
8089 2998
8090 3463
8091 1172
8092 15
8094 872
8095 2854
8096 3227
8097 6663
8098 7933
8099 2186
8100 8270
8101 4604
8102 666
8104 2097
8105 6525
8106 3139
8107 5033
8110 580
8111 787
8112 7422
8113 6676
8116 2123
8118 1510
8119 7747
8120 6622
8122 4188
8124 8085
8125 4677
8126 5231
8127 4907
8128 6088
8129 7408
8130 4755
8131 3418
8132 7507
8139 2174
8140 6358
8142 2082
8144 3085
8145 1130
8146 1412
8147 3628
8148 7807
8149 951
8152 3442
8153 7036
8154 5426
8155 7712
8156 8091
8157 2198
8158 4996
8159 1416
8160 6786
8161 2229
8162 2608
8163 2716
8166 1379
8168 1205
8169 5789
8170 2954
8172 1075
8173 6291
8174 4563
8175 6022
8177 3607
8178 1595
8179 6697
8180 7941
8184 7390
8185 858
8186 3058
8188 3857
8189 3062
8190 1165
8191 6946
8192 7005
8193 924
8195 1961
8196 7509
8197 7227
8198 2404
8199 673
8200 3436
8201 7584
8202 6461
8203 6992
8205 4209
8206 2688
8208 4061
8209 3655
8210 4327
8211 4386
8212 1681
8213 4937
8214 7411
8215 732
8216 5852
8217 2807
8218 7888
8220 8117
8221 5647
8222 4301
8223 5561
8224 2263
8225 5162
8226 3099
8228 1667
8229 1224
8230 1182
8231 1678
8232 6684
8233 8224
8234 6478
8235 706
8237 6603
8239 2156
8243 3038
8244 1514
8246 8452
8247 6002
8248 3652
8249 4295
8251 3326
8252 7750
8254 7105
8258 7740
8259 3935
8260 1705
8263 4015
8264 325
8265 4280
8267 435
8269 7154
8271 2086
8275 933
8277 4069
8278 6323
8280 7691
8281 5039
8282 3617
8283 4642
8284 404
8286 6878
8289 7157
8290 1574
8291 5796
8292 6207
8295 5464
8296 8234
8297 2881
8298 8028
8299 4349
8300 6989
8301 1506
8302 5131
8304 1882
8305 6528
8306 3213
8307 6071
8308 712
8309 4400
8311 873
8312 382
8313 1576
8314 2526
8315 7647
8316 1371
8317 1599
8318 4792
8319 227
8320 2426
8321 3022
8323 8370
8324 4066
8325 2314
8327 2122
8328 5075
8333 5249
8334 4648
8336 6348
8338 8276
8339 4042
8341 8575
8342 8271
8345 373
8347 5562
8348 1974
8349 5148
8351 6677
8352 4826
8353 7322
8354 5021
8355 6161
8356 102
8358 959
8359 3687
8360 6719
8362 3305
8363 3896
8364 4877
8368 6423
8369 3483
8370 5229
8371 5850
8372 1402
8373 866
8374 2882
8375 7395
8376 255
8377 4822
8378 7601
8380 4783
8381 3988
8382 8330
8383 3791
8384 2237
8385 3777
8386 6057
8388 562
8389 5786
8390 4978
8391 4353
8393 418
8394 2638
8395 5363
8396 2375
8397 6875
8398 226
8400 6520
8402 4589
8403 4068
8404 5996
8405 3329
8406 2427
8407 8045
8408 464
8409 230
8410 6112
8411 2809
8412 4541
8413 2221
8414 4291
8415 7287
8416 8411
8417 3077
8418 2238
8419 1206
8420 498
8421 2865
8422 1791
8423 7553
8424 233
8425 7475
8426 6293
8427 5336
8428 4692
8429 898
8431 7066
8432 5024
8433 5807
8434 4268
8435 7512
8436 4944
8438 1459
8440 4622
8441 1932
8442 4419
8444 6182
8445 333
8446 8559
8447 2874
8448 8568
8449 1858
8451 2969
8452 3394
8454 5701
8455 7580
8456 5048
8457 1938
8458 2018
8460 8501
8461 5818
8462 4187
8464 5305
8466 5782
8467 7742
8468 2707
8469 7932
8470 3834
8471 6802
8472 332
8473 4916
8474 1908
8475 4321
8476 1829
8477 2964
8478 4757
8479 1976
8481 7370
8482 7044
8483 971
8484 3957
8485 795
8486 4373
8487 7183
8489 7602
8490 6290
8491 8157
8492 8019
8493 974
8494 3504
8495 8264
8496 7075
8497 4896
8498 5292
8499 8317
8502 5894
8503 1538
8504 4765
8505 1830
8506 1294
8507 5210
8508 1437
8510 5883
8511 6056
8512 3883
8514 1800
8515 683
8516 5651
8517 6779
8519 3074
8520 1664
8521 1852
8522 3025
8523 5331
8524 2257
8525 7300
8526 3680
8527 3598
8528 6457
8529 6646
8530 1201
8531 7986
8532 827
8533 7329
8534 6318
8535 2953
8537 2764
8539 6984
8541 5355
8543 7760
8545 7522
8546 6282
8547 397
8549 551
8551 7277
8553 4048
8554 6292
8556 6596
8557 2877
8558 544
8559 1113
8563 1451
8564 7491
8565 3980
8566 8247
8569 2090
8571 5610
8572 3674
8573 6656
8574 5357
8575 4672
8576 7198
8577 4675
