334 6616
6496 4313
8313 1576
31 4450
237 8176
3836 7766
201 2441
208 825
7260 6836
8029 323
5729 7257
2816 2641
2344 6534
4855 715
756 2395
5627 2346
483 7603
2301 7488
687 4954
652 4982
6291 4139
1584 1670
119 7077
5345 5236
5293 2262
7360 816
1800 4078
8292 6207
4149 7028
2002 1501
1649 5005
6297 2459
1034 6055
1051 2532
6403 8281
1490 7037
857 3246
4819 2261
3294 6472
6846 4952
3622 7377
4041 5185
5519 7126
4307 3115
4035 6884
3219 2923
1234 7228
1623 8098
1917 3792
2870 5657
1133 37
4969 1952
1427 87
7193 4264
5120 2761
1357 6886
6716 5590
1253 1558
7111 2153
7370 1429
1670 1913
1831 7207
2263 3682
4691 182
5044 5757
1845 7988
1896 4120
4983 7208
4838 6276
7179 442
7813 3214
4541 7848
396 2046
2855 1389
2729 7670
5158 6136
5692 526
2197 8253
2576 1026
3251 7990
2557 7153
7019 4433
3108 2599
7718 8178
2795 2845
7552 8394
2933 5582
4338 3708
1953 3169
6510 3604
2884 7437
3211 2617
3735 1972
8233 8224
7943 4882
1173 1778
7548 2985
429 6970
7267 7445
1264 7333
6734 3547
2062 6378
1877 3575
6611 4793
6433 5375
8493 974
1587 1611
2350 6467
1667 697
6039 692
7858 2342
336 7081
7131 6630
3811 7247
2563 3471
1840 835
145 2577
515 3719
6437 2921
4512 8325
5988 7334
6238 6834
1418 2758
2942 4523
410 3294
1487 5680
7026 4846
8487 7183
6586 7743
6393 7950
5323 167
816 6052
5782 5092
6820 7644
7037 5078
1544 3609
4787 8570
6023 4208
2352 2361
1493 4904
4884 482
8110 580
407 6986
7607 8083
6162 4258
3290 2264
2590 4331
1867 1738
7611 2438
7817 8538
3888 8319
90 7472
8391 4353
142 581
2401 2836
4378 8245
6108 8143
1617 105
2215 6507
4919 4953
5765 6283
6753 1051
6637 7340
1995 4325
7505 4491
4521 2173
5151 1735
7814 375
7974 2437
4129 6184
6296 2819
4613 2950
7434 6334
443 2813
1709 1145
6631 2834
1154 6823
6443 5951
6774 6147
3346 806
7425 2310
6385 356
1914 152
546 137
1045 8025
7534 4330
2059 7000
2619 4891
6824 5550
2040 8307
1888 3990
6435 2706
7947 5234
7825 1014
2984 769
616 4769
1750 5459
8298 8028
1513 3554
3305 8102
3298 2414
1395 6932
2809 7612
3681 5089
2388 4128
6026 2417
5046 4971
7257 1807
4554 8486
8576 7198
4632 5566
7457 625
2104 4901
2892 4194
889 7648
3533 587
8197 7227
3756 2031
7185 6605
1221 4704
4751 493
69 5339
23 324
6429 1990
863 3813
3025 863
6325 6151
1629 5527
6666 2490
1008 2
6543 4394
4849 6543
649 8246
1515 6090
6081 2678
747 6704
1517 5732
627 3703
3621 461
5382 6818
435 8384
6590 7233
3476 3033
5538 5471
8477 2964
6020 5114
5807 5279
474 5446
920 2345
8475 4321
993 2465
7262 758
5972 6506
1097 451
4634 411
2791 6577
1120 5001
951 3925
6175 7381
6538 6369
4667 7806
3628 1292
5678 2451
2342 6969
1429 7814
3881 6344
3524 6869
3882 8460
3807 5628
5774 5343
3176 3876
3249 8144
5374 81
7763 719
3344 6947
7172 6439
2852 5222
2097 7343
6625 4427
8038 8358
3277 6748
3408 1228
8506 1294
6540 8254
5380 1350
2408 5253
5072 1094
5016 3116
962 7668
6642 6621
2448 5414
6880 3121
1552 1442
8282 3617
400 7890
1973 1815
3581 1125
2727 6926
6120 3345
7846 5525
3368 2118
8228 1667
560 7876
7204 1088
2597 4214
5211 8334
8512 3883
1147 7576
1369 236
6464 8312
6696 3220
5414 1052
2618 151
8243 3038
487 6225
5739 6991
6851 717
492 2847
6366 6641
6731 7651
5349 1176
94 2781
5250 6753
5477 3053
135 1131
1687 1578
1606 1757
8452 3394
2055 2365
5935 4488
7398 3196
7343 7209
8490 6290
7741 299
4503 5813
2988 2531
3825 3955
6135 1287
1014 5798
2581 602
2129 4767
7734 7953
111 3359
5605 480
6990 6355
2482 1641
291 2061
6594 4899
6250 156
4653 4503
5012 733
236 8520
182 7078
581 7929
1363 6404
2075 4595
7564 2548
5509 2734
1925 7215
5620 8012
6897 7868
7020 7531
7040 5079
7631 5707
2509 8017
7789 7114
227 4320
1167 2774
3021 2903
1259 1144
6178 1146
1335 8116
4782 4555
2163 1438
5914 2500
4010 367
7703 2591
1007 8539
2219 4905
3673 4906
6148 2050
4836 704
80 4939
2802 289
3585 6032
8120 6622
2455 1623
7804 5668
8511 6056
4270 6729
7346 5263
5495 8001
4597 6808
997 6109
3772 1343
1852 4929
5124 8063
65 4818
556 567
2873 4359
3299 7412
7184 5201
3905 7335
1913 2060
5796 1003
2176 394
7430 4615
6884 1392
7669 215
971 5108
4283 6070
8085 763
7524 2553
2145 3629
3669 6259
8119 7747
4820 2370
2349 2741
5440 7216
1825 7450
2566 2066
3698 6987
3742 4720
4668 2176
3470 7062
1636 6054
7921 5105
6271 6277
7715 3392
757 8357
2410 2495
8435 7512
3853 7494
2862 8072
1514 1746
3540 2351
3930 1381
3031 6795
5912 2523
7458 1430
1323 7201
8281 5039
7097 3557
8267 435
519 7400
3363 7394
7901 7004
1641 4605
2462 8267
1688 6245
2470 1900
7064 7038
4641 3164
5452 4807
749 5096
4232 1320
1532 3158
7348 3833
3929 4651
7530 538
4341 1577
6633 4943
2553 8480
4308 8335
1603 4093
2292 5193
1109 3610
8529 6646
5841 4526
7803 5403
3914 754
829 5497
5863 3396
3849 5266
4392 8315
7773 610
7788 2141
1454 2372
2074 1091
2883 3388
6836 4924
6991 4498
5656 846
5387 5866
8383 3791
6451 868
49 7385
109 7822
6462 2126
495 4775
7893 7428
548 3308
7939 5120
7222 4509
4009 5167
6974 395
5584 5428
4379 5666
4464 6134
5901 5168
6033 919
4876 1695
5140 4531
892 1263
4588 3731
5447 8007
3038 1973
6950 4315
4972 18
2029 5540
16 7877
7036 1240
3111 4336
5145 4635
4610 1102
1489 2496
5680 7433
819 1605
7347 5734
1073 8524
3424 5641
5595 3027
2548 6939
2638 1038
2354 5772
6685 2775
1099 8100
7471 3336
3437 2428
7039 2371
5760 94
1997 3952
1228 7894
1115 2004
814 7063
5018 5520
4429 5838
8191 6946
5224 2294
7337 2992
4458 5154
5999 794
5465 4676
7436 679
4209 1047
4381 4356
8168 1205
3962 6125
195 4674
8355 6161
7684 85
7888 5458
2092 650
1868 5538
6952 6852
2467 8549
1352 8121
6681 5773
3632 329
5835 771
1508 7093
7092 7591
368 874
4206 2543
2312 219
1830 98
2848 4861
1061 7804
5159 705
5206 2096
3221 4146
7207 1993
8426 6293
4402 5776
7183 764
4726 1382
5902 5983
8317 1599
844 6725
7732 2538
2572 1293
5458 1031
4171 6644
6197 2628
6282 6212
6419 945
4294 1322
4073 8331
4511 7356
3381 7197
8195 1961
1470 1140
5101 142
4300 6
3971 1532
849 4121
4148 7952
4831 5907
2169 573
85 2421
4770 4275
3924 3039
7791 1393
2086 1305
7875 5082
4224 7738
1816 7629
375 2277
7694 646
775 1620
7490 6648
3809 7375
3217 4722
4528 249
2437 2344
5742 5517
1057 1923
3623 7903
8410 6112
2065 4455
946 2450
4187 8082
1169 1496
6264 7715
231 5117
5805 7617
3099 2942
5076 3939
5300 633
1305 7745
4765 5493
6230 6115
290 6845
770 2256
7483 6289
6015 7440
8358 959
4950 4367
2895 6993
6916 4644
5582 3402
5811 6036
6881 5694
4001 3818
917 63
1279 1921
8389 5786
5395 7588
1806 3606
2120 8004
1365 6640
5264 5564
7635 7295
5423 8003
5269 6566
802 2225
5370 2720
446 3382
112 3029
6450 231
531 4107
2418 7900
6915 4932
8320 2426
4077 250
6448 691
6619 3340
1319 3975
1776 5505
8497 4896
7872 5044
3495 5141
7774 3450
2846 5413
621 1955
1712 6362
3899 2837
7379 7639
3703 5986
6345 594
2456 4454
3991 4915
4127 409
186 1616
59 3451
3105 205
3321 1210
22 4827
1295 6518
7335 1989
245 193
2969 2349
6570 7250
4032 6294
5203 586
6760 7506
7135 6994
7904 3466
3432 4153
2232 8483
4585 4637
4476 4756
2951 6730
2033 4576
655 3667
5014 5286
6844 2887
1193 6759
720 5966
5400 1898
7239 3611
4952 7011
8545 7522
3061 2136
5890 1987
1974 4050
3405 8402
107 5022
8200 3436
5524 2053
3920 1661
5229 1890
2233 2576
2836 6468
7270 2803
5404 7777
1132 5121
5167 1297
193 8377
7586 2305
6530 7790
3677 143
8297 2881
2549 1345
1869 1074
8419 1206
3688 3651
2853 2087
4383 2753
4463 2014
6054 5523
7228 7362
723 6598
1756 7663
2406 6819
2517 1189
796 828
8400 6520
5539 1814
644 897
6569 6983
5196 5328
635 4890
1686 1650
3239 4117
4603 3234
1182 3287
2814 2867
5483 7634
6065 5615
1455 8510
7993 4236
7860 996
4985 4791
3610 5597
3649 1959
4605 475
3418 7192
7227 8302
6262 2045
7541 721
3132 2810
7861 2827
6091 2770
3472 4270
8271 2086
3668 2142
8395 5363
6972 5779
7822 6390
6713 8569
5550 4287
7078 8
2038 8010
7604 8476
3781 1968
2561 2894
7930 7453
2366 1423
1316 5715
5822 1888
1407 2961
8280 7691
5727 1643
6591 5833
3402 3321
6045 8255
7540 1610
2851 5504
3740 4076
6203 6579
7989 4088
8012 8523
2211 5904
1445 2202
4637 2701
1846 2124
6608 3276
5162 3351
7251 2589
8100 8270
5270 3823
1592 647
1549 8113
7641 1638
6736 5778
647 1690
6700 1529
5051 8293
2247 7796
165 4422
3796 7278
2518 7480
7520 3007
4453 8318
2439 3096
6942 4246
4053 6263
5848 5440
5859 5422
5025 696
4301 2924
2803 4632
3662 1301
3055 3729
8104 2097
484 5751
7995 4091
752 4857
6171 4746
6654 636
7661 8536
4421 6132
7729 3923
2670 243
6646 8372
628 277
1328 7765
3254 6899
4558 2610
3608 2070
1861 7685
4764 7570
8010 4862
5621 7696
4811 1271
6457 660
673 6649
949 2023
8105 6525
8434 4268
6976 2611
7469 2297
5906 1721
4807 173
2035 1565
3486 7492
2645 6087
6076 5068
6141 2091
1367 7082
8096 3227
4821 4747
2356 5816
2879 6916
8507 5210
2174 6117
2391 7656
1114 8445
3567 5518
7091 7959
1788 1655
8377 4822
3993 5307
4683 3670
3214 4036
1209 3389
7163 5477
1444 8433
6703 4300
3690 4685
6886 7571
6374 1609
8130 4755
131 8078
5479 1788
4140 452
2250 1752
1236 4083
3748 5857
5041 8426
1882 2258
6469 1745
6904 875
1792 7402
2714 4957
7589 5792
352 6794
5058 4800
8390 4978
4739 2325
6811 2886
3916 1237
6158 3428
1459 8204
1187 1068
3340 5618
1180 8111
8064 3919
6822 3182
2115 1415
2603 7015
3658 5385
7329 3689
8541 5355
4250 7893
5142 4355
7940 2966
1058 904
3708 8576
5816 2588
958 7434
6506 6537
2689 3155
932 7168
6595 7496
7507 6126
773 3600
3969 7060
1162 4878
4219 4925
2395 1741
147 5101
2901 8131
7647 4391
4361 3927
3745 2904
2024 7053
5770 2955
1331 973
8478 4757
2583 7271
127 5257
1541 3452
4121 8214
5588 522
2447 5399
5355 3141
7295 4664
1286 7090
5965 931
5262 626
2371 3408
1118 3958
5302 7924
8374 2882
7553 3123
4647 6073
7285 2618
356 1699
4769 270
7289 5196
8206 2688
4027 695
536 6828
7918 1110
7244 6412
3947 1637
282 3570
51 7728
7618 1553
1208 6228
839 200
6477 2729
4981 5620
2611 3117
5446 5376
2396 7693
323 862
3828 4866
8517 6779
715 3860
6528 1794
3553 6590
469 4834
6962 7978
6137 4999
7976 2851
7404 8470
3961 537
3783 993
6289 3778
1520 6798
3635 7727
289 3605
6730 2132
6092 6628
2559 1424
7972 6427
4427 7123
966 7795
6201 5213
3314 8530
1598 812
6742 4461
6911 7141
7089 6883
5328 6274
2164 2652
5335 1936
4822 2363
6519 4511
2302 7537
961 6154
4748 6415
1881 4193
7812 6061
3308 6985
504 3380
2304 127
2423 6549
6781 7897
4197 1560
6617 1190
2971 2601
189 991
7017 5860
1537 1682
284 113
1077 3238
1018 6316
1242 3325
6353 518
6677 2247
6011 2749
7016 7949
1661 5516
4526 3994
6675 2659
1261 5674
1784 495
5087 248
6992 4566
6817 8288
1740 8228
665 7332
5298 5760
7132 782
8554 6292
6949 7739
4445 307
6210 8398
5594 3146
7587 6781
5838 792
1728 6581
5175 6340
5788 1994
6995 385
2153 2307
2732 941
8170 2954
1591 5633
3200 1948
7374 337
2107 2830
6172 7463
2844 759
8474 1908
215 7921
882 6403
4774 3048
4241 1525
5694 8529
5809 3511
8082 4965
3898 908
5955 4914
826 5437
157 2648
5630 803
1006 4716
4621 7811
1277 5025
888 1947
1021 252
2598 5170
2552 821
2684 8170
3070 228
6399 75
8260 1705
5431 471
2973 2204
2523 4020
7209 2757
8226 3099
2742 826
614 1119
7590 7127
7449 3095
918 4269
2673 7619
4327 4022
618 5268
1474 3292
6727 1970
5733 5711
5082 810
2747 1624
7052 2303
6187 5392
1842 7915
3715 2466
3855 2188
312 371
834 4495
1915 1956
3027 6822
2016 5133
8351 6677
4940 6736
480 7459
1040 1862
5804 2841
5653 6432
8230 1182
3873 4740
4172 1219
2568 889
4686 7622
5923 728
7206 7181
5633 7776
3925 561
6360 3370
2796 6643
7674 5311
7312 6944
5475 3742
1588 3154
4321 4567
6025 5754
1563 3429
2479 3107
7074 965
1600 5312
7786 927
6089 1834
6553 2109
7711 2796
1545 187
2875 1656
5040 8220
2328 1703
1729 476
7665 484
7526 3678
2111 6469
7119 3725
4624 1360
8438 1459
4910 4708
688 446
5028 1024
8321 3022
60 7436
6804 259
4818 7679
5288 3385
5135 2241
2008 3159
2419 425
2466 7225
6779 3747
5422 27
7025 5556
5097 3438
8440 4622
5916 6244
7958 6902
6277 7971
2409 2698
7551 1684
7325 834
7828 5765
8118 1510
721 1093
2790 658
2507 8095
2782 4724
6859 8346
8067 6635
7079 2748
7242 5020
305 6105
5713 7040
3543 5146
6001 1139
2178 7551
4432 2337
3770 1159
6493 3332
937 6470
2251 7849
1011 1462
2060 3081
6278 462
1724 3295
2784 7210
7462 6094
528 7313
3511 7410
7082 6651
7525 3485
4654 6354
6284 3253
3521 5382
2592 880
2911 2078
6096 2436
4851 6724
8221 5647
5436 6866
372 1687
2267 2947
5261 2806
7389 7041
4592 2709
7561 4485
197 8421
975 4666
4252 7415
6577 7850
3827 1323
5389 6880
2500 6572
3661 3864
7642 7280
5042 2787
1929 7185
6961 463
8373 866
72 6256
2586 1831
1439 2419
3955 4085
413 4728
7326 4951
3605 4710
2443 4657
4556 7527
242 2008
4134 5402
1049 358
3005 128
6194 7386
8247 6002
3394 6962
3620 2883
8071 7789
2624 525
7892 7474
7857 6258
2379 6101
5429 6074
624 6466
295 3867
1186 2984
4385 5205
1074 180
8295 5464
229 1666
7567 6765
3491 8260
2993 1897
1119 2273
3355 7363
3246 7604
4093 2868
6329 5834
4164 7384
6975 2876
7233 2379
7749 67
8408 464
4524 6533
1122 4073
105 5770
3696 3314
5303 808
5996 4012
3500 3894
3716 1311
530 800
4388 6265
4282 7321
6558 1483
57 2856
2380 3461
6311 4959
4437 7001
6866 1985
394 3641
2006 2671
3326 2350
4732 7857
4768 4502
4595 4243
5153 6227
6615 46
2917 7840
2908 6754
1700 4378
2905 7939
8142 2082
2362 8148
5717 2069
7230 6999
417 7358
3942 593
1203 4158
6902 5521
6598 8504
3226 5242
6676 513
6960 2674
1957 8065
5636 7713
6720 7273
3604 441
8072 5295
191 3384
8184 7390
1781 6481
8305 6528
238 2341
7859 5136
403 3316
1499 8563
3970 5819
7214 6760
2091 1591
1312 5483
3544 5631
8421 2865
438 5077
3415 1112
4095 6552
1857 4506
6371 5065
3816 8008
6980 5404
3162 5006
7482 1570
6559 4278
3091 1500
3538 6826
5532 2797
4518 6692
6319 6865
2820 161
44 8240
7668 4671
3880 4528
2043 6929
875 6473
8520 1664
4023 4276
3977 5824
3646 7563
2310 4045
6564 6239
8073 4334
3934 4132
8234 6478
4344 3430
906 4377
3697 1813
7433 8145
7485 7458
6270 1000
5459 4293
2913 1207
3937 8292
7310 1726
5069 6386
1485 6215
5929 6169
1684 5645
4278 4829
5113 5841
6323 1398
7011 1200
8210 4327
4279 583
5445 1098
5133 2546
5469 4031
106 7432
600 1388
969 7928
5872 7174
6190 1601
1659 7420
5213 1836
6465 8389
239 3827
7353 3272
7829 2702
6123 4147
3466 8547
6521 2681
4704 5611
3301 512
6755 2831
3411 4234
7390 6778
2882 6480
8461 5818
3499 2843
4582 5526
4126 7259
843 5207
5708 3851
1366 8544
3909 957
6046 4508
2978 6850
7609 2932
8479 1976
6143 1777
3078 3237
8041 3874
6821 4039
1698 420
8413 2221
4798 1878
1774 8341
2705 1124
4850 4348
808 8257
6159 1743
987 3440
5377 4005
7506 3727
7620 2528
2869 511
4795 7515
763 1563
645 35
3558 3343
5832 3093
3349 1053
5021 3417
705 7664
5747 8448
7640 5596
8496 7075
2373 5029
4114 6541
6622 5644
6463 467
4288 6171
8349 5148
7600 6654
5114 1395
4036 2476
2513 8230
1291 2242
7628 4574
6603 7094
4670 6633
2190 3677
8077 1090
8492 8019
5855 287
3763 903
7498 7435
17 1212
8491 8157
3952 620
4110 4131
7413 3744
7012 5287
605 7611
6691 7267
8481 7370
640 1226
7745 177
418 6464
6412 5199
7539 6010
3020 2907
6468 3972
1472 8177
354 1662
5399 665
7053 3361
2144 3889
5064 4180
6047 3071
7451 4545
6351 6751
1402 254
8334 4648
4490 244
3982 1742
5359 4823
2181 1773
4044 6300
636 987
7245 5719
5178 6368
7333 8311
520 8024
8402 4589
1089 3365
5037 473
806 1039
823 7793
1343 346
8277 4069
3913 313
1611 4053
772 7473
5718 552
7996 1177
4786 6653
7537 49
5379 4441
3343 3176
5386 4764
8422 1791
2752 6542
3118 2409
5234 4726
3886 2849
4019 6951
6860 5616
1531 6694
39 5042
7137 2595
3818 3966
2724 4405
6739 1958
4571 6961
4178 223
79 28
988 8574
4619 5300
4462 4122
32 8216
4380 1302
2944 2929
6704 6564
2175 321
7542 7128
8428 4692
8157 2198
3812 1453
8345 373
3359 2974
3535 6783
1265 1642
154 1478
8116 2123
3266 4933
2648 4883
5720 723
7314 2029
678 2677
5852 6451
5464 7048
4908 1627
3317 2064
785 122
5354 5046
5410 1329
6539 1965
1843 4464
5510 5181
2615 2683
3090 1804
3666 3000
2022 4804
3908 4001
4058 5476
807 8416
641 7089
6514 4803
7307 4082
4406 3683
78 5341
7234 2875
8125 4677
326 7030
6208 7817
7258 6870
1903 7022
2147 3353
1029 56
2533 6191
3399 1853
7045 5785
7721 1527
3180 5135
6251 7673
4165 5502
2989 1327
415 2911
830 4638
5189 6361
4404 2146
6384 214
8209 3655
2793 4897
1690 4430
3844 7169
1890 694
1356 3010
6485 7976
7149 5365
7057 3679
1832 2112
6438 4096
935 3666
526 61
3238 5843
8005 1842
7493 6454
4377 3858
7441 4216
4491 8322
3670 449
7428 785
7560 3949
3189 347
2528 2848
2311 5524
2194 5980
6667 604
2808 4302
8505 1830
6910 2312
5236 2207
7982 465
2632 4439
3445 5548
6782 7328
4233 4717
391 8241
2216 629
5222 6892
4630 2989
4506 4368
6452 1043
4580 366
3926 5909
5369 7791
6267 5465
8445 333
1218 2578
1397 5928
5500 8274
5644 8210
5185 2896
5259 775
5548 7265
6420 5310
5880 2816
5092 6264
4203 2145
2954 6075
4584 1048
1023 4170
7969 540
5164 564
2807 4572
6932 7771
5147 4379
320 3379
498 6173
6234 8385
6773 5591
2358 7546
2659 1717
1891 8306
2737 3624
5843 4689
2943 1084
7152 342
561 3378
692 7047
8333 5249
4832 2889
6177 3119
4721 58
6806 6960
1330 5250
5913 5288
1595 6255
7358 6670
2080 2987
3480 4849
4170 1644
7161 7529
8015 6700
1548 8525
6623 6545
6024 3869
7739 7569
7437 755
377 5558
6763 5736
1763 4204
1437 7080
1734 5367
5683 3808
3323 6297
4284 3231
712 4687
4757 4645
5866 1997
1442 1216
2490 5973
3766 4207
5700 2864
658 5332
5699 1063
7735 8428
7154 3533
8462 4187
4234 1107
331 7021
8203 6992
7809 2897
6650 4431
2049 6647
4472 260
7342 3710
5876 1278
3049 6982
4837 3711
4974 1787
8225 5162
6597 4263
8 7224
8319 227
2658 2579
3247 7348
7305 5468
2849 4711
2514 6510
5794 2223
5515 6422
2017 6652
6613 1785
1103 6165
6839 7733
4498 4639
176 3367
5959 7193
4117 2772
5576 5409
2265 6790
7596 2879
3450 175
141 7199
7408 2033
5561 3676
4900 7891
6541 934
856 6629
6310 6204
7692 7282
6400 2504
6643 2941
2748 8498
978 2642
7717 3481
7965 5999
6423 3487
4460 2412
1813 350
7979 8407
4021 515
2158 3250
1785 3254
602 154
3894 7669
1719 6138
6876 6288
6279 8015
3037 6636
7576 7989
6395 1929
4168 8496
7862 413
5665 4437
4 4192
2545 7203
4199 6200
5074 6483
4436 4380
5799 4564
8553 4048
4246 5443
8258 7740
2489 7935
8001 7406
1697 1359
250 3797
1361 5255
6567 2024
7988 8435
171 8191
1001 7504
2609 4812
5675 3574
4873 7609
7291 2895
4658 4876
5052 7468
4038 6223
5944 2475
1568 6380
986 1863
4097 7088
1795 3352
7446 7898
2480 1407
7281 6185
249 3580
4745 7505
6072 2507
2633 3542
1803 4608
8218 7888
8145 1130
4746 870
3652 7369
4776 8197
6793 999
7936 5979
925 4392
3174 5040
3128 2039
8531 7986
1394 4481
4907 8502
3579 6024
2681 7270
8323 8370
1810 6252
5682 1537
7555 8351
2864 844
4106 2991
3576 3521
5909 2309
3650 7842
6807 4763
4684 5758
643 1069
2167 1163
3614 902
6655 3518
3255 2871
3232 7867
6670 6166
7224 1739
5442 3648
5780 8166
4735 6099
2305 6614
3045 4343
4707 6570
4324 3435
1599 4578
4480 8058
2287 2457
7218 7398
2818 3970
1817 5697
3822 6551
7849 5059
3069 7263
740 1497
2064 5764
4700 8429
3515 1357
4860 96
6214 3602
5104 6739
7236 7999
4087 8344
8415 7287
733 1129
2412 5941
2186 5896
2094 3753
8308 712
8284 404
3043 1361
1070 8492
3618 4973
2755 5011
8369 3483
2494 6085
8397 6875
5601 1029
5152 4994
8360 6719
6324 3936
5917 6484
1908 8356
3375 2182
4626 4909
1951 6567
1757 5156
5360 3334
8232 6684
1151 174
3823 1148
188 6925
7006 6183
8370 5229
8068 4750
6797 6763
2282 14
5693 2829
1854 3052
4059 2721
6009 7859
4872 2581
933 1942
4728 3830
8405 3329
8537 2764
3530 7486
7199 5488
513 980
6900 7872
1500 4241
701 8272
907 2627
3714 2537
6268 1441
6482 1498
6557 220
7384 5937
4780 7974
5463 7258
5080 6703
8275 933
6166 3070
945 7070
7187 4988
5117 6072
361 3260
1383 5679
1755 5256
6446 8235
651 3337
476 8060
5881 6893
497 3135
8418 2238
5569 4010
1223 3152
5533 6261
2166 2994
5649 3809
1213 3824
4264 3968
7205 6326
2375 7142
8362 3305
220 2384
1370 3215
974 7447
955 2458
7071 6359
5530 1593
2997 7707
2756 6130
2131 7503
781 5571
950 7261
6173 6251
453 1194
3374 436
6663 5122
7528 4181
6428 5752
6787 5678
586 309
5384 6659
2695 6345
2478 596
3157 591
1090 4514
1613 1072
2229 3535
4125 6328
778 7542
6732 5218
8327 2122
4162 304
8149 951
6409 6178
2414 9
4269 5608
7445 5373
5313 4698
1693 1106
5243 5827
3001 7549
7543 2498
1691 3036
1433 7173
3624 1884
6439 8554
7435 2914
4287 1869
1662 478
1879 8287
1533 3881
8563 1451
4133 7446
1859 1011
5772 2492
8353 7322
7981 7923
6470 7176
1638 3131
3625 8163
2071 8464
2441 4
3322 5302
5920 3880
4291 6040
6060 5918
335 5333
5885 7378
5662 153
6766 7057
7873 1432
2353 8044
3419 714
1579 2959
7950 2260
1041 1924
8515 683
2036 4594
5585 1071
4079 3914
5568 7572
776 7759
425 3397
1761 92
2056 6592
7679 2582
3990 5454
491 2512
8087 8572
4062 1904
4652 1427
2536 3425
563 6810
1110 1064
83 1939
1161 4510
3606 123
7087 6377
6664 4080
5602 4172
42 7135
3325 5361
6019 7614
6167 4144
2331 2549
4755 8081
5775 5063
4281 5805
4674 6582
3861 3821
633 5822
7841 853
1414 953
5798 6095
1618 74
5195 5012
459 6306
880 4771
7772 1728
944 5014
3354 3916
3452 4482
20 135
5476 2470
8447 2874
7319 3245
6121 4673
811 6618
601 251
7926 7055
7198 6068
3112 8250
5552 5814
6257 7312
876 6755
3859 7275
3136 4969
6715 3439
8547 397
1809 1582
2351 5960
3440 4344
4223 1141
4266 6504
1780 4299
5546 3373
6339 1590
5438 3120
7946 2859
8166 1379
5472 7547
6130 536
5330 3049
7680 6859
2550 8296
7871 4087
5174 7138
6322 1482
3723 162
3011 5594
8054 169
8551 7277
1967 7266
7010 8136
3248 6205
5169 569
8190 1165
4553 545
7693 5793
5285 8205
2047 7517
6067 4992
4998 4360
3615 895
6580 7396
6244 5686
6302 741
2952 5598
3709 8514
4575 7115
1656 5283
2910 5171
2923 1175
5026 3625
3738 2977
6295 1475
2735 109
6370 2052
5541 3042
6048 4271
8025 7819
864 2189
3631 6515
6129 2002
7093 6698
3857 4894
8269 7154
1174 1891
6994 6174
3019 402
1640 185
2126 6447
544 5837
5724 4262
1742 4472
4677 6988
6276 2228
6138 1663
4428 7084
2072 7951
412 8321
8318 4792
4956 3230
805 472
6758 4816
4823 983
690 1202
36 7294
8122 4188
2199 5453
7100 1227
3588 4934
1235 1520
132 2948
2009 6696
4375 3445
7070 6682
5277 328
7473 5115
6658 3401
7957 690
1726 8200
3527 256
6771 2776
794 6726
4113 3004
8364 4877
7623 1279
7823 7346
4804 1828
1435 2302
8441 1932
7615 3541
5952 3312
4214 2424
4332 1137
192 799
827 1342
4313 218
2452 925
5266 3785
1535 836
2321 3532
5065 2842
5978 8506
4532 8011
7256 7137
6118 736
929 3282
606 4824
2122 7880
4430 5971
7492 1472
6375 8556
115 6213
4698 6990
3224 813
5281 6903
1081 2857
5521 405
3616 2106
1100 1171
3842 3973
3479 1910
4656 1035
6290 5643
3123 3507
7938 1718
2105 166
5648 2899
7356 3814
1240 5315
3422 2034
6743 5195
2427 3269
6520 5346
4515 210
3573 7812
818 6775
3115 1208
3396 7875
71 348
7178 6280
1956 8397
8237 6603
7602 5897
3568 8414
5723 566
6874 4462
4451 7029
1092 7833
2596 1612
3731 3400
6441 877
7707 60
5254 3188
4183 7662
3306 6839
5800 19
549 3653
8049 6933
1000 2574
4729 577
5564 6885
4477 4690
1808 6553
1273 7025
3547 1833
1786 7860
5643 315
7670 4237
5503 5605
2259 4408
2323 1876
6638 5019
6725 1634
1380 5467
5177 5128
7573 6683
2525 3632
8146 1412
3973 6462
7819 6346
7373 1969
4435 4844
8460 8501
4337 7530
8211 4386
234 3722
2766 7510
143 1534
7027 1602
1452 7248
835 1195
8417 3077
573 7982
8124 8085
3077 5111
3574 3618
7253 5769
1708 2695
8063 1057
1741 6907
1156 1784
1015 7013
7175 4707
3175 3528
432 7130
318 1841
3467 5617
5310 5055
7593 6491
1878 535
646 4521
5150 970
2709 4374
5228 3501
1416 3526
470 1646
5425 4610
3780 3140
271 845
4006 4418
5166 7846
5392 5116
1102 178
4034 1536
82 5531
8091 1172
5006 138
6928 7866
5304 3934
7148 992
4665 1095
5629 6910
8412 4541
7393 2407
1876 5244
2651 4870
6287 192
1392 2473
5679 7938
5513 7249
990 6791
5118 6393
4781 131
2134 3011
7678 7490
8196 7509
5165 2560
3071 6673
4190 8155
4904 5109
2878 4223
3413 5455
2824 7632
5969 5534
1176 6445
1128 8488
5257 2063
6517 4885
1181 2593
996 556
5137 279
1572 5825
4891 2381
2900 8545
2113 7073
2275 7187
1141 2134
419 4409
662 6226
1954 817
7545 674
30 1598
7648 7288
4015 4148
4616 6964
6232 3216
2119 521
1091 3415
2627 1887
2433 1679
2317 2708
6526 6121
5690 529
232 3142
5740 3403
130 2620
2020 1826
1028 4773
8338 8276
6970 264
2476 6364
2307 5974
2835 6298
6029 3163
2925 4038
3805 6835
5388 3198
4954 2995
7632 5100
8059 3681
6181 3189
2161 6710
448 1512
4845 1808
5260 2324
555 2480
6174 8387
6186 6086
4733 5000
2298 2527
5868 6858
2936 5587
3727 5225
2426 4124
4159 5600
499 2722
4939 6342
8214 7411
3683 3581
799 3519
2929 4157
3288 1835
5590 5787
6315 3348
1529 8273
3517 8071
3566 7991
2393 1652
1463 963
1522 1763
3642 3946
914 2684
604 3956
897 374
61 62
7216 2259
5953 286
4644 7235
1025 4200
3563 6235
1677 5206
7834 1491
8083 6500
4293 7627
4992 4733
2522 8150
3667 4947
3393 5372
5200 2048
3388 345
7444 2040
1039 1604
2246 5393
5844 5820
7727 269
2207 1215
4116 5007
2338 6486
7309 3886
5417 6111
7538 7955
8302 5131
7168 3143
5004 757
2369 8277
6864 7723
3496 6370
6184 3658
3845 2570
2505 5509
3154 4137
2675 3446
6301 7526
1963 4206
7283 3544
4238 4843
5698 6639
3542 483
73 2783
3295 4984
3840 1406
1281 1007
2332 6501
2625 5160
7733 8056
4864 4903
2631 7511
6071 369
340 213
726 531
3144 8352
2136 5335
899 3806
8278 6323
7219 4759
6532 4547
5282 5802
286 2530
8304 1882
1302 5134
8427 5336
5918 4821
2390 1485
5341 5270
7210 8122
3243 7429
8099 2186
862 4106
7252 2893
256 5646
7240 7625
1080 4060
7409 7598
8007 1470
689 1651
5241 6330
6626 1214
2876 4836
390 5145
8148 7807
4791 245
366 1657
6255 2668
3778 5228
6778 5215
1067 2019
5948 607
1534 1564
1237 6202
1434 4725
2461 6097
273 5444
4736 1486
7515 3759
1207 2280
8034 2487
8147 3628
7107 4625
6765 2334
904 5325
6084 390
5084 7107
7878 6041
2141 2915
2037 5703
2726 6711
2521 791
3946 1304
8316 1371
2184 2704
1358 6049
7421 6266
2335 6815
450 608
4189 7947
5726 50
2445 2509
4572 2226
333 2212
5240 2000
7297 2777
6982 727
2538 2973
804 1055
2044 6514
7690 2934
6741 4515
6919 3875
6621 2467
8388 562
6328 2446
1422 6727
2966 5191
7820 5351
5787 3185
10 7636
4120 1753
4030 4500
3158 2233
4835 3553
222 8061
1569 4432
2558 3691
7344 440
6662 5689
4384 8066
4372 392
7659 7961
559 69
1306 3672
3736 6909
4797 7006
3155 2439
6568 7076
2325 1260
3442 1697
7349 892
5168 7099
1585 1299
7364 8417
4440 6310
2173 2920
3887 6498
6196 5626
1607 7392
1026 2568
8060 1823
2842 6013
3216 2828
4355 7236
5457 2785
1927 5588
3022 1957
2617 1436
4342 2081
6228 4987
4702 734
4153 3266
7189 5533
571 1802
2001 3879
798 547
3362 5140
4607 1365
3554 6001
5984 5267
4980 7180
6069 7862
1695 4191
6363 1782
4633 336
5208 2296
4089 191
7863 6560
1200 4580
771 2062
7805 5184
5932 5965
8066 1516
1113 7352
3997 2474
2155 6008
5336 3619
2099 281
7579 3766
3181 5560
3318 132
3460 7020
5719 5987
8508 1437
3 4486
25 4734
4163 914
2710 1236
7292 2972
764 6272
3867 534
7879 5955
8192 7005
4201 3472
7898 7984
4370 5290
2370 2556
507 4043
4366 4522
7397 1122
1251 1941
7554 8189
4434 4737
2367 5200
2703 3798
5449 2010
6490 3991
3236 7
2746 290
7083 3749
5418 1759
1398 8528
2327 2394
1764 7372
1168 1285
4772 8156
7463 1548
7826 1401
6241 5313
6562 7600
6780 3113
1175 5118
6508 1199
6584 5186
6618 1747
730 1400
6940 6186
6101 4825
7900 3891
2273 7967
1046 6268
6634 5864
7229 3114
8127 4907
8363 3896
3386 6080
1233 2155
3127 638
2499 5997
6985 2525
3447 5511
7869 4104
3979 1160
744 237
7145 942
3900 3271
133 5472
8458 2018
3079 5031
2547 4636
8471 6802
7028 2452
4519 1242
1476 2999
5709 3856
4560 823
3135 2185
7764 8443
1101 6803
3592 5192
3492 7194
4198 8508
3503 7640
4316 5586
3777 1155
3897 8092
4292 4282
4329 1953
8407 8045
1337 12
8070 47
6017 7544
7274 8158
1066 8190
1702 4945
4793 3802
4756 5294
3570 2041
5131 913
1488 3235
6104 3692
5231 5639
5407 7767
2881 5144
3206 5629
2666 6612
307 6240
5925 6106
427 7960
5409 1725
2389 8086
2015 6027
5987 2150
1188 637
7701 4345
8131 3418
6826 4962
7785 8146
5496 2792
1509 6928
7138 899
6587 1183
5146 7845
2998 609
7008 8035
8084 6617
4788 7439
2574 4940
5216 6009
6316 773
6309 777
6592 6831
6467 7186
1762 5874
7109 8076
522 1280
5047 297
3653 8259
928 4560
7508 6399
3007 815
895 1169
2739 1562
4174 448
6925 4004
3826 2784
1703 5088
8089 2998
8061 7342
2398 295
2469 6770
838 5887
5732 6776
6248 6578
478 6214
5943 2583
3332 4831
529 614
4057 6413
6699 6128
6369 1458
4577 1518
7646 3924
6068 5104
7929 6241
1292 5844
2256 4552
3338 7787
6947 3805
7156 5277
2281 5958
6085 8462
4612 5216
2333 6065
6306 6771
4794 3623
1130 4483
5611 1461
7967 1276
8101 4604
4105 6623
3356 981
500 3905
7645 4168
5514 1873
3525 917
5059 6218
503 1167
3240 3239
2182 753
3188 2640
6265 5603
1079 3795
4200 3372
5583 7675
4387 4977
40 8002
5054 6102
5673 2689
4013 4116
8222 4301
3504 5808
3951 140
5482 7649
8528 6457
725 7431
1772 689
6125 7825
693 5297
3557 1015
53 6918
4817 5823
4055 2224
4351 2653
7101 6998
554 6788
4535 1335
677 1589
7391 7741
631 7623
7941 7264
461 7856
1685 163
389 4109
5149 5920
741 4691
3268 1097
1371 3707
1731 2110
598 5627
3337 3255
1019 5947
1884 2912
5419 8239
6421 8192
6145 5050
148 4643
6833 7457
7470 3524
1013 7800
4863 6096
4759 4661
5357 3872
8502 5894
6478 7956
3791 4215
5655 1849
2183 4142
1311 2313
5498 3647
3083 1336
3878 840
379 786
5827 1310
8381 3988
1576 6497
6849 864
4627 1150
2702 3444
8036 2952
8467 7742
5617 3454
5493 6536
4026 5194
3626 458
7511 1587
2798 8553
3988 8359
5670 2563
810 4789
7601 5153
4564 4762
246 3845
1628 1775
2650 6594
6548 1330
4138 241
2504 2030
6930 1528
2599 3506
7582 5873
324 3494
7050 3565
6431 3003
1142 4224
1918 4631
4118 688
3865 1689
8372 1402
8530 1201
2991 5067
6768 2726
185 7371
6692 5595
7191 7150
6729 4027
1135 4731
7212 2968
3915 4065
8482 7044
170 653
6535 5260
4731 7091
4466 331
2935 6319
4973 2105
8566 8247
1438 6425
5443 2343
1320 6740
5031 2471
5951 4751
5455 4921
467 3776
6937 5762
41 4975
1085 2605
4180 7416
4763 7188
7375 7240
8018 570
7664 6966
200 3654
2713 7214
1874 3063
7807 2200
8533 7329
8306 3213
1949 6489
1158 2514
4713 8198
4711 4686
7322 5478
7116 3259
1387 65
207 5839
4935 2197
8097 6663
2152 2453
4875 3060
7386 530
7990 7160
7908 4084
4076 5930
3959 43
303 7643
8325 2314
5837 693
3457 7331
2857 7382
3712 3129
3765 5690
7454 1136
2736 1614
1465 2117
6714 5675
2315 4130
6606 686
6388 8016
3048 2566
5098 5848
3400 1456
1923 2738
8416 8411
8301 1506
4978 3516
8341 8575
7831 1945
2363 1420
2584 5898
2226 2308
1347 6314
2359 1270
6053 6388
3187 3764
5616 1658
7780 5377
3122 1880
5112 936
38 7805
4885 1539
5320 2279
5567 4469
5408 6434
6536 8140
7998 316
4107 3283
1462 8107
84 6474
5635 2028
3459 7886
1644 5683
7887 5008
5657 5872
4719 887
1384 5962
3562 8229
1310 2275
3431 8474
2604 986
1468 2800
8564 7491
5945 4174
5861 3072
2407 7606
6518 3836
1553 1239
298 1511
6783 6048
7419 3192
2664 7065
6126 7568
3556 3225
902 3467
2293 4232
6070 1300
7153 6170
5660 5125
5651 6936
3759 2805
2386 5985
3420 1370
5383 762
7971 6912
7889 5572
8239 2156
6404 1089
6640 6742
5343 6599
349 2140
6954 1729
226 3170
1643 1128
3302 3627
4696 8438
159 6302
3434 8440
1229 2177
1664 3322
957 7755
4949 4544
6128 6619
2492 776
8244 1514
8498 5292
7987 7325
1922 6050
2431 6905
3597 5395
4230 2693
4072 1549
3030 3478
218 3212
981 2431
5494 2751
4496 1893
4262 5462
1753 3474
7581 3330
6891 1977
6819 7946
7923 5396
7760 3807
5553 8368
737 6199
995 2609
6547 8495
3526 8328
5650 7823
3414 6363
2096 3933
6286 4561
6043 603
383 1191
310 8376
3774 6731
296 3745
362 7615
7531 7558
2805 2076
8220 8117
8328 5075
8044 5609
3227 5490
1315 3204
3285 7752
6349 1283
7124 5673
3917 5809
4853 115
7509 8550
1375 8432
3549 2696
6828 6837
7123 4316
6589 1789
6161 6124
3089 2113
7367 6123
812 3134
4841 2133
7738 7106
2771 6107
5121 3241
4226 6349
5854 1348
384 5107
6213 7165
982 1383
4043 3160
6122 1434
7197 5861
5981 6820
7196 2736
6993 5123
2422 7676
5893 1580
4240 716
2204 2965
4003 5817
869 5829
2193 5682
8432 5024
5265 4980
1059 8365
6933 6517
2939 883
2491 1492
1087 6249
4143 4568
6639 4197
1880 3555
795 6666
7076 7098
8574 5357
2688 1489
7235 6007
367 677
4826 7389
5767 3291
8246 8452
6710 5543
3120 3636
294 1269
632 6353
4448 6488
7769 1922
1139 6829
3044 424
6205 8471
3348 7719
3710 5903
6683 2151
1396 1770
4805 4640
2487 8171
5170 7109
8484 3957
5722 4669
6616 8265
1558 988
965 2293
5292 3031
3202 3111
3957 7970
7385 8484
2218 5460
6827 8077
3575 4312
6829 1672
4680 6475
6402 1274
5394 5583
7499 159
2964 7027
3598 7339
4290 6943
4738 5230
7651 3993
2979 6181
7839 4713
224 6471
5746 2398
6426 1981
6207 5321
697 3529
4706 3210
3995 4319
727 2286
1939 3310
3081 4404
5207 6456
54 6455
7737 5577
3945 3297
7700 6284
4157 1635
4414 3695
3171 4867
5352 6728
7905 4833
2117 7252
5138 2387
2343 3769
376 8149
4688 7049
117 1883
7215 3172
7194 5649
6112 7704
3965 3045
75 1289
1170 2644
8380 4783
6686 725
96 3586
1725 6606
5874 3590
617 3419
582 8364
704 5528
4146 294
1351 6331
706 3645
921 8441
1892 546
7698 1583
3856 6490
1217 8040
1608 4507
6335 8242
4071 494
1769 7957
8112 7422
8299 4349
8483 971
4176 3416
4893 80
8037 377
1220 5466
963 387
3966 68
4175 8064
6842 79
4212 5232
1165 3796
1129 6329
1634 3909
5090 7775
1630 5129
5783 5849
7633 4569
8565 3980
5381 5655
4608 6940
735 1894
5812 7304
3398 7489
6236 6157
3501 7383
942 7008
4661 2727
7501 3208
5598 5095
7811 4037
1910 6210
2745 7367
2085 2094
3190 4155
6708 4250
4204 6142
6259 6841
3539 7809
1239 4057
4173 4160
5542 3110
3578 1847
5296 1414
3775 1950
5001 3157
7962 2694
3569 4660
4976 2534
408 126
1125 7133
6624 6974
6105 5542
3403 5780
6573 3724
3103 2631
6989 2822
1056 7054
2160 3584
5078 7748
5239 7113
5701 4814
731 4985
6761 171
2551 4401
3907 2625
2468 7308
5123 7618
4056 7977
6635 6047
3382 1995
508 5988
3987 3493
6788 8103
8300 6989
842 592
1589 5943
5209 7251
8283 4642
7315 6894
4771 7470
4311 6482
4562 6034
8556 6596
789 2015
1340 437
2196 3298
4955 7706
2260 4226
2300 3693
6189 6005
8503 1538
4566 4735
4814 7996
7777 2288
116 7798
608 4761
3797 7298
964 3728
2778 6153
4454 5612
6280 7918
1136 8084
4016 7690
8051 6662
7293 4588
5067 1397
2130 3741
7023 6188
3692 3760
1432 2479
540 5767
3138 6821
7164 5969
2123 6942
7935 2723
37 3375
155 6530
8451 2969
7793 4714
2968 1213
6837 5439
2682 3717
2783 5345
659 1404
5547 4852
3868 3132
552 1347
6347 6799
3287 1004
1754 170
5818 8042
2772 121
2899 4533
6410 5978
4276 2900
3595 7072
1020 53
180 5557
1368 8021
8546 6282
3463 4935
7757 1092
1789 7430
6056 855
2788 7019
2980 3513
4531 8048
8286 6878
7986 5654
5107 285
3016 190
5748 7635
3410 681
1723 4562
2481 939
5194 3564
4109 5584
2209 5086
6756 5671
6134 1230
86 8444
1388 4928
5634 2326
3182 950
8394 2638
2177 7689
3235 3945
2822 6006
4060 44
6064 2484
1512 831
8442 4419
3932 7254
7880 5803
8571 5610
99 3920
4008 4387
6488 7455
3350 2927
1735 3644
4373 4372
7238 7626
5116 2429
5619 181
2877 2481
4446 5563
342 659
7223 4044
351 3017
3672 6716
1747 2213
5045 1669
7915 6672
6967 4551
4080 6058
7144 4819
3469 5726
6090 6917
4272 4770
3892 5083
344 5593
2834 6452
675 5058
871 5720
1376 5604
4065 5913
7968 1307
5183 8074
1941 4089
257 1138
113 158
2850 8073
5744 8354
6867 4173
822 3426
1962 2331
6754 4607
1615 4847
825 7966
5781 2357
913 1546
1527 4986
947 1544
623 7540
886 4592
4068 718
7783 2300
4191 1295
1406 1758
4758 5360
4094 1034
8470 3834
1590 2940
3270 8282
2032 3750
6440 3275
5963 3413
1043 1380
6252 2778
4945 3774
7521 578
4340 5895
6492 3026
5886 7368
5830 6762
4586 7497
5005 189
5895 3001
4929 8497
3599 6025
6229 5692
5221 6187
1994 7556
8113 6676
6966 2773
5111 627
2741 6077
8223 5561
1556 3161
3577 8201
2722 3228
1778 4375
8202 6461
3769 851
387 1628
6669 1846
2893 6243
364 2298
5088 788
1344 97
8224 2263
4064 16
6481 147
7024 7305
5329 7561
3039 3357
2425 2125
6887 3793
1964 3712
3191 2025
3815 4289
8549 551
268 6436
1612 1153
6356 5179
2078 176
8431 7066
7653 1607
5130 7096
1288 362
5075 1193
5883 2801
4669 6958
3177 3900
7147 1021
1727 3268
4594 5539
2285 39
890 4801
1538 6516
2011 2380
2937 7161
5371 5940
261 867
2387 1515
4443 6150
7472 4777
4880 5419
6845 8244
4136 3503
2023 5407
6549 134
2753 3718
3262 7068
4186 528
3164 5334
2801 6772
8177 3607
5575 3531
3004 7026
7886 876
2762 3168
4318 1001
4590 330
7566 6732
5743 3206
2582 2248
6566 2157
3086 146
3729 7031
7610 6021
3197 5501
855 7533
3333 4626
8386 6057
3508 958
5473 5998
3059 3520
580 4337
2392 477
371 2278
607 1166
2519 7319
7956 6519
5581 7987
6061 8515
7672 8262
3746 1715
8153 7036
3441 944
2694 168
510 7605
3728 4900
1284 5076
3167 48
2610 4407
2102 5204
3291 3726
7254 492
698 1550
7687 631
2588 3540
6239 4056
6644 3912
2810 1290
7303 1041
7054 206
7594 4347
7022 8124
6390 3585
8043 8089
742 4467
5864 832
6226 7878
6227 3344
3193 6351
6430 188
3150 8522
6665 4967
1936 6981
532 8096
5398 6429
277 3578
7931 3706
325 1178
7060 3558
70 2478
6861 2717
4651 7979
3875 7481
5745 1418
694 4758
3409 2559
4937 5198
8523 5331
2205 3497
7000 3064
2133 2686
3029 7667
5333 8187
4530 7104
2416 5209
7532 995
1696 2519
3806 2440
4346 6012
7321 6833
8429 898
5570 1186
2434 4652
8289 7157
1017 1508
953 6702
722 749
1547 2321
8539 6984
1570 4219
2662 5863
746 3165
7225 8477
3166 5708
2112 3861
6417 8152
6484 2926
1701 5271
2451 1708
4989 3754
3976 4323
6678 1105
874 3465
6334 2725
4415 6028
223 8304
3125 6120
5589 7316
7754 618
380 3690
2657 1181
7686 7347
1275 4029
663 2542
7495 2670
6576 8227
2760 4145
2839 8289
348 4930
8495 8264
6281 6335
2654 7564
3726 4303
5199 5939
8169 5789
6192 4581
700 4328
5139 590
5735 1027
4405 3307
703 5495
1992 2980
8406 2427
1987 7708
2168 1272
6088 3639
1244 2826
8198 2404
6542 6868
2454 1083
5057 2835
1528 2602
1672 6563
3231 3067
3609 5400
6381 6857
2139 2516
5677 6583
178 7050
3205 7779
1898 8194
7474 5659
714 1005
6522 6163
1510 4956
6841 3205
6455 3423
471 3839
8446 8559
2587 2919
6515 5815
4645 6774
4277 516
1647 334
3838 7461
3964 6693
1557 6524
1296 6911
4870 1816
4419 2655
5560 2252
1268 1940
2546 4090
1823 7172
3392 2958
1658 6996
6857 5340
7402 3346
1451 5664
2382 4706
3884 491
3675 7419
7480 1358
2904 1101
774 7754
7725 5519
3700 2378
2014 7782
6843 940
1713 2862
2236 3878
736 2013
1270 3258
8575 4672
1642 6379
29 6405
5908 3405
4315 6366
5563 5902
1106 2493
7058 7963
1768 7587
4257 4699
1897 8403
2622 3794
654 2918
103 8256
7559 6846
3168 3675
8263 4015
2446 1914
416 5559
1266 7854
7226 6624
984 7262
64 4799
4210 1964
2949 7638
4812 937
8456 5048
5639 7749
2685 52
7744 8108
2672 4966
7697 4659
5671 3499
4103 7204
276 5500
7500 3902
2374 3178
2485 7189
58 2586
5071 284
206 6679
2541 4446
15 4013
7966 8153
3451 8112
7756 4279
535 5879
88 1495
2357 2178
2838 8422
3754 8463
5769 3915
7294 5420
1069 1727
6674 8069
5979 3913
6027 3195
2579 396
660 6708
7730 6842
666 6655
5537 1254
2012 1551
4128 2505
8466 5782
533 1694
3384 2657
4205 837
5182 7466
1543 5240
1309 1879
4810 3852
7487 3633
5056 5018
894 597
5204 2943
1482 8406
956 8038
6106 1906
6331 1927
4712 2304
7332 2385
2585 2585
4516 3441
5415 4517
3383 2821
6979 8399
5862 5925
120 6919
6917 5009
7173 8022
1905 3242
3879 1044
5846 5057
6206 3104
4194 4922
1155 4942
1793 8183
5813 4749
2601 4688
7406 7071
4215 7539
3513 5032
2962 3614
2313 5922
872 6367
3941 7574
1668 1552
939 4054
6862 2884
7459 3369
4727 3800
5931 8193
2865 954
7606 2068
3594 3820
6525 5739
3751 7443
4928 6019
1117 7102
3953 8110
5824 5731
8046 6924
7141 7746
2956 8052
7085 6401
3837 108
6474 8410
6803 4420
883 1373
1460 7514
108 6303
7782 3825
338 2558
3170 2330
1191 5634
4606 3589
146 368
1834 106
7529 1364
2986 2740
5725 4609
7948 6375
5073 2978
2266 2290
7912 3118
204 5768
7365 1309
5640 4227
2347 7380
1783 8031
6630 1355
5375 3740
1256 1744
426 1524
1965 22
1983 183
2733 55
5526 3262
21 6538
1152 4040
5306 5177
3056 8450
2532 141
5608 6343
6871 8509
7689 3892
4570 7125
2743 1134
6802 5576
4039 4449
7369 7302
8354 5021
1746 99
4598 7870
2360 860
4844 5172
5579 4292
2687 3084
8231 1678
7 1840
7269 6609
3761 8211
3241 5330
6800 2675
6790 2206
144 2222
1921 8050
2159 4049
4710 2713
6340 3815
2242 4518
679 7861
5141 699
3537 1386
2854 2728
4854 3191
5522 1168
199 3910
7032 157
2486 2301
6767 3673
5973 107
5815 7871
3794 739
6058 923
4409 3660
4309 5494
7007 5406
3902 2756
7583 1526
1415 2547
2149 1471
5891 2295
1086 298
992 5187
7973 1581
1116 3073
3996 5350
7608 703
6610 6410
6398 6904
1959 6800
5181 4634
4063 8378
7056 5832
4166 2651
3330 3767
5322 1025
6563 5507
7970 139
1844 2656
1968 4006
5368 54
1986 3612
6344 4436
3819 5959
7613 2798
8004 1811
5695 7156
5828 6100
999 2614
7047 3895
3607 814
2982 8141
5029 4277
2543 1192
6266 1255
8352 4826
3883 1870
8106 3139
3345 7784
7708 2892
1230 1629
936 6131
1345 2626
1064 293
447 4998
411 6493
7906 4456
6459 2963
6209 8104
488 6442
6202 6539
1131 6417
6386 8099
7890 6854
686 4808
7464 2074
2992 5681
4417 1480
2932 4705
2999 3183
3212 1467
4966 4529
732 8566
4438 8451
1578 1209
6605 881
2511 1832
4081 4473
865 8434
6164 5652
6117 3638
691 4166
5919 5547
5658 8054
4678 2454
3104 7997
6466 5830
8375 7395
399 4136
7810 7452
183 2399
3286 632
1633 4272
901 1946
6801 5138
12 7043
2941 4351
5710 6242
5331 2647
1829 2818
7203 2511
4921 6971
5119 3566
7265 4134
4317 1046
7073 7865
4750 710
3938 3569
4261 3950
3143 6529
7271 7906
1683 5197
1450 5370
388 2183
2593 2930
7453 2449
5219 5320
5301 3232
8020 6089
8291 5796
3047 3128
7067 1911
4975 2858
8339 4042
8019 5429
4828 2861
5038 7630
1904 23
565 101
3705 7621
4574 216
5094 5463
1989 7495
2244 2937
3276 5989
6449 4743
6554 6699
3671 8392
1924 1411
5492 90
5992 6764
7009 6339
1635 935
2539 5801
2172 240
6083 4341
800 3976
2214 7307
3365 7810
5947 527
5659 6164
6893 3551
3379 6511
7821 8181
3427 1632
3921 2922
592 7524
8129 7408
5083 3097
4762 8047
2880 1621
8254 7105
7336 5319
5405 6527
1461 4259
431 6463
8002 4460
1494 2754
2749 2333
2495 3479
6898 3907
1413 7351
5227 6733
7832 234
6454 6782
2571 2270
7317 8395
3502 7683
8290 1574
5802 2168
5003 7688
5215 7200
3954 506
3449 3942
3682 2353
3831 1325
3278 4411
7488 8487
8111 787
6809 4842
2415 222
597 3599
8132 7507
1907 1334
4534 668
1456 6561
1024 1864
3319 4784
5502 1185
4922 2111
6042 4865
2832 5698
4022 7393
6188 1920
1350 1541
441 2521
5190 6941
3931 7426
7208 354
5297 8343
2084 6257
1325 8109
1098 6426
6711 3948
7634 8212
6620 740
26 2443
8454 5701
3617 2880
4709 5238
2394 966
1121 7399
6253 7794
8098 7933
4775 6082
1554 6681
5937 2318
3124 2114
4561 2191
4111 6224
2859 1820
1609 3328
7726 4324
7266 1147
509 4501
595 7226
2535 1030
7870 8413
8040 584
7439 5892
1663 7118
5214 5800
1802 5723
5232 6555
2635 6627
4249 5002
851 6952
8216 5852
5757 5149
7984 8564
8163 2716
4469 6807
6762 117
1464 1622
2668 1714
7639 7851
6317 2383
4052 5412
952 2687
2464 2990
7014 3187
8006 3979
161 8513
1575 4165
1484 2996
6997 2811
3713 1156
4623 3047
6032 6658
3137 5967
5986 2946
5013 3595
2761 8327
3160 2016
3733 3522
8525 7300
1047 5425
4334 4919
3057 7213
4563 3940
4618 1173
8385 3777
577 7179
7339 3938
3591 3685
1405 7948
2050 7523
7277 2799
884 114
7907 3992
8449 1858
1308 2401
3565 6398
569 7682
5326 4007
3172 276
1982 6757
7546 3961
3117 3055
1219 262
2680 4081
3732 2027
6074 4222
6892 3822
211 7441
8359 3687
2643 4003
5940 2737
6627 1354
8092 15
3702 7815
6497 1586
5424 3427
1946 8298
1390 6168
5755 1626
2931 6980
5875 1266
6500 3929
1870 365
5669 6882
6878 7565
6838 6945
6679 8481
302 6119
6305 1149
1111 1781
1699 3877
6693 261
337 6871
2928 7788
7177 2316
4254 203
3233 111
3749 946
7221 1002
2458 4242
174 5774
5280 3921
3744 6192
5248 2970
7933 8206
3002 3035
3194 7912
187 4912
5077 5410
5614 1557
2268 6580
767 4361
7394 5274
18 3525
3260 1720
7140 3696
4306 1779
6795 7536
3788 4047
5631 7624
5511 4991
2368 419
2996 6706
3406 8350
5878 4041
7975 224
7549 319
2255 4412
3895 5968
684 2944
6883 3817
6835 7143
2817 2104
473 3270
7031 3404
6906 5522
7637 2744
1065 8379
2294 6789
4213 3076
7084 2623
1960 5390
6082 698
4304 6011
4858 7926
5686 1352
5129 4393
5900 7212
6632 4443
1290 3090
8532 827
3730 8382
6219 4854
3638 6853
6926 7241
3637 1861
8448 8568
1183 349
2885 4416
5790 1349
7046 7003
5340 8160
8499 8317
6151 3324
370 3512
8027 955
2308 977
3292 3162
3846 7158
1436 7464
5023 3037
6362 6611
4456 8465
4260 1754
1324 4388
2010 6809
6411 662
5309 242
2079 3587
7475 8577
934 25
8201 7584
404 543
7171 7828
1035 1256
100 6499
4579 3790
1031 1473
6707 3772
6544 8345
7088 4459
8464 5305
7098 5237
566 1792
1137 606
3199 4052
118 6177
6332 1992
481 1764
2383 4778
1819 6324
7864 5704
8053 8532
626 1356
6237 1333
661 479
1246 2718
5364 8269
7452 4365
293 1991
6651 4570
4090 6881
6546 1660
3911 3593
3674 8355
4268 1056
8175 6022
6298 1688
2759 4402
6834 2099
6973 5314
160 7159
3425 5016
1194 4023
136 4579
4441 4868
4642 6756
6307 4709
1958 3151
3963 3568
5179 1344
1752 2786
1621 8473
7922 2073
6185 4150
3376 6574
7241 6295
423 6356
3747 5389
985 5648
7272 3662
2125 7882
2725 2967
92 4654
4425 1812
6354 3289
1950 8036
3159 4851
3870 6921
7685 2793
2402 6140
585 920
7429 4809
203 5797
6737 7579
4040 1619
4773 4880
4878 854
477 752
4701 7940
7431 6118
437 7721
6963 3034
783 6360
3505 1542
815 2327
5256 743
1856 8173
1466 6311
449 3251
7643 3148
5351 4802
2663 4679
5144 4869
1836 1450
5715 4983
2428 2510
5793 2839
7118 1220
1875 4516
596 938
833 6465
8205 4209
3289 4700
6057 6459
2575 6937
6472 652
4297 3831
5289 3421
2457 1931
6063 804
5401 1731
2754 2054
745 4739
114 7725
5034 1867
1970 3746
7338 1170
5035 5836
809 1494
2554 7306
4754 6575
7378 5541
6034 6175
6805 517
3259 7117
3050 2144
5187 5275
4799 2026
1391 2665
2716 798
1195 6787
4527 7045
1072 1618
6368 7887
1095 5158
8249 4295
7302 1734
5625 7973
7699 7827
8336 6348
3798 7652
1404 8067
3234 2791
6006 894
3018 2832
6140 4074
5491 3982
1159 565
911 5380
3448 6718
7121 6382
1359 1937
1379 7852
4796 4855
4938 3229
6211 5992
2512 2406
4339 643
4548 2520
2365 1378
1326 144
2039 4741
3063 4908
152 208
6706 3303
496 7936
7442 6540
6751 4111
7106 6686
1887 907
1976 2101
327 2001
7758 1733
7489 6565
3506 4786
959 756
1624 4244
3655 372
4217 5934
5253 7735
434 7283
5624 5513
8433 5807
2686 1630
2856 1314
5847 6333
2699 2420
832 4889
7126 3468
2580 667
4499 2217
1732 6059
5806 1232
4690 5735
534 257
5411 6955
2279 1196
6320 2636
1285 533
5829 1844
1540 7538
3706 5710
5218 427
4158 4290
1525 3460
948 5004
1491 2870
7896 1647
7748 4613
2644 7737
7371 783
4703 7513
7925 2993
3358 3414
4862 8543
5766 7925
1457 1339
4993 7596
777 820
3310 3267
6534 7134
6180 4730
2821 6927
5171 7191
2955 5592
4589 8313
1393 4858
445 5799
5612 6890
1669 5132
501 1118
4722 5532
3866 6689
3242 6031
2200 8286
4012 300
2361 8456
363 1797
4865 3032
5372 1455
2641 1067
7787 4663
4538 2011
5060 8137
7874 2059
14 2389
6832 8531
2314 8014
2276 7016
4685 6591
5603 6956
6215 1245
7323 3290
994 8527
3994 5102
1386 6035
2140 6043
2642 8418
7311 4990
6840 7910
1943 2596
8514 1800
3529 3144
6133 8151
8534 6318
6552 1351
2527 1426
3436 553
5555 3659
2070 2682
7657 8174
5898 5436
332 2284
8128 6088
6777 7017
537 6848
5102 2544
3110 3849
891 5982
3741 6608
321 8390
8178 1595
5518 4474
1928 514
3315 3572
4809 2571
5403 3101
2555 6752
4310 3021
4529 1121
916 574
7460 735
4247 3349
8217 2807
3487 1896
3032 4611
1660 1608
373 2814
1971 4326
6869 4794
4066 890
854 5124
1202 2957
350 3350
4567 5246
5971 5932
5834 5811
3613 4033
7855 3537
3750 2005
5689 4092
3790 3903
668 2703
2278 6496
2847 207
5499 1319
5856 7855
5486 7843
1692 468
6733 4832
3541 5875
216 6430
4455 6953
233 7838
7913 8396
7706 671
3593 5369
6193 1100
7794 8147
7424 1116
4615 1108
1906 4452
7999 4593
8158 4996
2316 4964
3203 1617
6641 5614
6505 6864
4426 7404
3648 4231
7411 2442
1871 1648
2473 3488
1873 6418
2669 2672
7818 1244
5850 628
5904 4235
4202 4112
7752 5506
664 2158
6607 5087
5161 5684
5958 5570
5894 2376
3862 8308
1920 8185
3252 1408
8215 732
5367 3713
7617 4133
6458 30
516 2765
1249 2408
5212 1317
123 7697
7837 4426
5272 1444
7363 3527
2945 6766
1297 3407
1332 7139
2137 5304
4101 273
1417 4376
1706 575
3824 1241
1704 601
5191 3005
5626 4682
1010 7907
1355 3859
4295 7299
861 656
713 6977
1614 3193
2831 5888
2223 4805
1944 7101
572 8505
0 8070
4275 6385
265 7296
8414 4291
6293 6709
5258 4389
5358 4064
5361 682
3531 5862
2508 7221
5884 6796
5676 4520
5353 6248
1374 4125
817 1850
4050 3517
4889 4261
4145 3318
3974 6604
7759 7448
8436 4944
6814 4364
6304 2885
7527 357
8472 332
2562 3431
3528 274
2678 3616
4141 5349
168 2869
7771 3153
5892 707
2432 2193
1933 5637
5460 8493
3850 1980
4005 6253
6647 1523
48 5886
7102 6887
7980 5821
699 5906
1799 542
5801 8374
4833 6149
7286 1710
1773 4055
1424 1675
7523 2733
7722 2804
968 8332
2914 8223
5716 5546
4898 8283
527 4752
6524 5995
6168 8333
2185 6588
2066 5051
2222 1585
6326 2194
444 5391
2926 3773
3985 4410
8558 544
6813 4435
6503 172
2815 6193
28 305
2320 7944
1653 3591
316 3756
3279 2562
2506 3044
4221 470
5586 2038
2341 34
4611 5878
5342 124
3559 2533
7713 6550
5975 179
1811 599
4088 797
2594 3828
2306 7182
2288 8380
2953 4586
267 4476
6854 6888
1042 3167
8376 255
8208 4061
6269 1247
8173 6291
3028 4178
7129 4874
7522 4910
8264 325
6831 7554
5412 6084
671 7317
4017 4297
6222 4796
1571 6108
3841 3399
6877 6064
2698 6856
6502 5366
4715 7981
7535 708
7377 6026
728 7121
3923 2795
3360 5298
1689 1058
3758 3089
3074 1821
8469 7932
1738 6332
122 3249
7299 1080
5857 7869
8569 2090
7723 3848
1736 456
7174 3995
3430 2515
5597 2580
2578 926
5095 3664
4007 1396
3320 3360
3312 2567
2649 7220
8347 5562
4888 5049
1931 444
2146 7620
2210 5045
2440 1503
2903 3383
3067 2658
8212 1681
3641 3928
4708 949
8185 858
3940 3374
6527 7659
378 7184
5687 4938
2898 2056
3583 225
3701 201
6680 5990
8384 2237
355 4624
1377 2276
1282 3854
2337 5337
4397 8252
5574 6234
2150 4913
717 3068
5910 6176
6376 2108
89 2906
406 3735
1492 292
8423 7553
878 1819
4112 4273
463 443
2318 393
3719 3850
8057 1822
4513 509
4779 8360
4951 7087
866 2554
2156 7883
2309 6485
27 5746
1926 3422
1932 8278
2497 5424
5307 320
5903 3284
6583 7403
6946 1683
8296 8234
1248 1469
1796 6934
2073 6307
7719 8249
7195 8314
5048 3356
2206 7899
5063 430
5163 1737
2503 5503
766 968
4672 884
860 4468
1053 1394
3311 5788
7345 8062
4483 5744
5764 3567
6752 6713
1179 7424
3651 7589
5106 1665
6367 1881
6748 6589
45 878
5432 3331
3852 1466
5453 3075
6217 729
8371 5850
1263 8225
7920 6357
292 2289
5784 4542
3324 7354
489 7821
56 722
244 2660
1530 5670
2319 2127
2799 5394
3587 1659
4051 3124
4182 3006
5305 7703
5468 2402
8003 5685
790 4492
129 5953
392 3546
753 5912
5684 4425
7591 3932
7743 1559
8056 4067
4924 5755
5968 962
1748 4100
6927 7901
788 4463
2230 4989
6373 398
7151 7421
7412 7206
4444 3199
6659 1250
6953 6585
7978 2196
852 8373
8156 8091
514 110
2765 4524
5318 2802
3948 6039
4255 8203
6132 8079
494 5047
194 8347
564 3181
7796 7341
1902 303
1985 2719
3522 2266
4522 1375
1848 3280
3098 3091
4305 5474
5156 6922
7478 7674
8139 2174
2475 3733
5759 1692
7570 684
2640 3486
5081 7074
1705 6143
5108 5091
7068 6017
7362 8142
3664 4949
7038 947
1945 1154
7443 3835
1518 3904
4099 3846
4766 4602
1027 4872
5366 217
6150 6915
1767 1751
5225 5956
7192 2413
7577 4850
2843 1895
121 361
755 7391
1108 7945
3786 8101
6531 6317
128 5431
2249 2908
3293 5880
8248 3652
177 40
2692 7344
5668 5214
440 5691
1430 6278
6855 246
7675 6305
6456 1268
137 1691
4555 71
7616 3368
4639 1308
5520 6558
7030 4309
8014 4665
853 1640
7418 7914
285 7965
2767 2616
4542 8295
4625 6250
2381 4712
260 1700
759 1724
4350 8455
4433 5602
322 4817
8033 1806
3281 5062
6907 6365
2723 86
4296 3347
3950 3311
3462 7146
3328 3473
4905 8299
275 7678
1257 582
8161 2229
8307 6071
2577 2042
3253 6299
6059 4212
850 2281
5086 3642
674 6337
4045 790
1850 1918
3757 5630
5507 6720
3026 6773
2108 2447
3643 4072
5201 6156
5246 2901
4470 2976
306 1477
903 7892
6818 5027
898 7272
3361 6327
4552 4655
5736 6051
341 1857
5155 4308
7571 1466
6312 2630
7662 4329
8024 3008
6300 2255
7142 2244
2934 8490
8076 370
6261 7608
611 605
3885 6805
7055 3579
1999 8419
7565 1476
553 5784
7816 1076
1650 4723
2858 2982
6005 1448
7932 1390
7086 2823
4192 7830
5198 5030
3107 3671
3395 4976
4256 7751
568 1115
4070 7665
4694 3376
2399 1736
3009 5354
5356 4641
615 2107
7134 7844
3351 4633
4959 5687
638 550
5506 5885
6653 455
2405 8557
8180 7941
3891 5551
6432 1417
716 2916
1411 3562
7562 275
4808 7379
8516 5651
5896 994
8455 7580
4084 2697
780 310
803 72
3640 8363
1153 7284
4502 3534
2825 499
4957 5759
4108 859
4852 7874
2560 8457
5869 6625
3271 8186
7911 3102
6103 3100
8251 3326
1425 4513
1646 5397
2863 6135
2691 4008
4903 3768
1127 3211
2132 3293
1441 3698
6495 3781
1189 2676
1190 6141
5525 4371
6657 4719
4303 1706
1225 3780
3771 2569
8473 4916
1276 8535
1278 4917
3639 7366
2947 5761
1327 5417
1408 7255
1419 5060
2201 1422
3082 3455
4497 2820
8048 3563
3012 7467
1586 2240
2787 7729
2165 5656
8081 7095
3458 1767
3076 2551
8028 7042
5961 8475
6847 490
1818 4494
1827 909
1855 979
3507 3784
4635 6508
2340 3286
6246 1363
5820 120
2751 4958
2090 5650
6422 3697
6965 4718
2143 5223
2202 8093
4248 1391
6007 6060
4638 2433
8213 4937
4371 4362
2438 5203
5350 2732
5776 2164
2544 3840
6397 8324
3256 422
6240 8043
4897 1012
6770 6114
3582 3922
2768 7303
6948 3065
8348 1974
5849 4229
4031 1419
2915 4063
6792 2460
4734 841
3014 8125
3041 915
4343 5293
8411 2809
3129 4797
3186 8279
4675 6033
4970 2643
3561 1986
5311 6715
7960 589
3919 6717
6389 1803
4487 6827
4049 355
6080 7244
7243 488
4543 4016
6749 1999
7762 5713
7280 7835
7731 1810
5154 4538
7856 5696
5596 1750
5487 100
6721 5948
5593 7256
5873 3984
6747 2166
7139 1123
7381 4213
2827 801
1146 1603
1574 3015
3178 3550
3665 6685
4941 2085
5778 4766
6330 3841
7924 7285
357 1377
619 7993
885 2933
1627 1133
4222 232
4328 5457
4335 2685
4839 3885
6073 6595
6601 130
7117 1701
7217 4484
7447 7451
7624 8130
7850 6437
8045 8251
8160 6786
482 3514
524 5993
983 648
1620 5054
3035 1636
4195 4267
4243 4154
4679 7913
4964 7345
5980 7550
6516 5489
7994 3309
8259 3935
8524 2257
858 2788
1988 1854
3644 7230
4330 7645
5646 6038
6116 6769
7815 5103
8140 6358
76 3969
924 5441
1293 3943
1480 830
2128 1341
3475 2938
4356 3150
5731 2986
6460 6737
6682 4254
7051 2292
7247 3543
7569 2179
210 3630
1777 8134
2245 3224
2995 247
3860 5309
4540 4384
4800 7132
5220 7808
6365 3202
8199 673
8309 4400
1360 2418
3092 5056
3612 6113
3830 8537
512 5607
1423 2184
7767 3597
7882 33
8080 4557
1675 8507
7063 4002
923 4683
1060 5291
1710 7709
3156 504
4752 644
6124 585
6348 7007
6364 7297
7249 4955
7352 6406
7746 7847
8535 2953
3013 8469
5939 3041
7112 4398
8079 2664
258 5099
5808 7700
280 8565
1681 4369
2241 4895
4353 7456
5928 5676
1301 7145
1625 5243
4628 4575
6959 5963
8396 2375
6273 1855
603 4028
3851 5950
4259 416
5950 7575
3404 6804
5444 5098
6504 4143
8235 706
1048 4079
2007 5706
2660 5276
3272 4537
4002 6129
4442 4363
5704 1566
909 7103
1004 7826
1093 291
1322 2098
1447 822
1632 4322
3928 4310
4492 3371
4948 8427
4962 6262
5435 5152
5777 5003
5991 5017
6055 3327
6476 5667
6740 2131
6996 2022
7304 7942
8342 8271
768 2594
4333 2654
4784 3390
5451 8129
8152 3442
8172 1075
1542 7943
3054 4239
3438 5555
4997 497
6099 4856
7724 3040
8030 7289
6798 8164
7934 5740
4424 6664
680 3779
1458 4159
2003 7599
2191 619
2874 1367
3933 8366
6494 3265
1258 6296
1271 3028
3509 5371
3532 1059
4475 4497
4596 8159
4648 7465
4705 524
6372 2971
6461 6066
6561 5923
7211 423
2100 1588
2171 3201
2806 2358
3161 2981
2918 1433
3341 2464
4465 36
6414 1273
6746 6338
2750 3256
7382 4317
670 6825
1055 2666
1354 4662
5853 3432
5871 7768
6671 557
3477 7902
4925 4853
2180 3621
6030 1713
1063 765
2845 4830
1052 2853
1336 4620
4489 4247
4767 8167
5324 6768
7279 5150
43 8226
587 7757
2797 1017
2965 2850
3489 1680
4312 3661
4486 5688
4892 2939
6235 6446
7755 2205
190 4729
1250 1761
1655 7718
3939 8305
4347 615
5391 6230
5706 8367
6002 6069
6040 352
7761 7896
8193 924
3084 5364
2496 6394
2974 8120
4037 3888
4245 3884
5053 634
6442 5433
6690 1445
547 3398
639 5812
5738 3252
6529 7792
6745 1399
6905 796
7113 4813
8154 5426
2188 7684
2296 2890
3834 5261
4235 5981
4510 5383
2708 84
7536 8424
6978 1431
7400 5756
7792 2250
8032 4981
506 8219
1860 2621
3743 6495
4485 6876
4958 2243
5751 7658
6701 5771
6075 5461
173 1730
455 8237
629 2461
5821 5745
7361 623
7450 1572
7652 6322
7795 1796
1062 6270
1801 5
2004 4397
2220 3492
2866 7279
4990 414
5033 5929
5839 7655
6533 761
7405 7336
8403 4068
8489 7602
205 3548
6931 802
7186 7653
7476 1117
8017 5041
4474 1238
63 6127
8324 4066
2777 6889
3998 6312
6051 6309
1858 3893
2271 3765
5338 3996
8144 3085
212 24
2030 3078
4790 4810
6327 6814
960 3083
3889 5938
4345 6381
6008 3127
6142 6172
329 5475
95 4782
1453 4101
2157 2415
1864 7705
3789 6513
3237 6855
4237 4499
6636 6601
588 8511
1745 928
1022 3684
1721 381
2990 1674
5242 3496
5696 3177
667 2138
1428 8115
5019 6801
6612 2780
7836 4479
196 70
642 829
1758 8009
1975 918
2118 3782
3184 5010
3196 4102
4147 2119
4636 7147
4902 4888
4999 268
8420 498
2345 2483
2734 8461
5247 1288
5488 1535
6037 3868
6087 2080
6447 3721
138 212
184 1790
792 5338
2477 4458
2614 929
2707 445
3380 3577
6233 3622
6986 7799
8468 2707
1815 2012
87 1346
3443 312
6750 3495
8189 3062
1566 4840
3590 4198
4882 2812
6550 624
93 3448
393 3561
1238 6201
2922 7202
3133 1693
3676 384
3956 2606
4061 6678
4827 4623
6179 3775
6294 296
7324 5119
7432 5280
7677 3959
2987 865
1160 3523
3121 326
7110 1257
8050 1793
472 1326
682 2497
2411 6948
2429 8258
2502 6935
3767 5479
4322 6923
7130 8326
7422 7785
7945 6015
8265 4280
915 3826
5637 2724
8559 1113
308 2121
575 3801
1937 8232
2912 3236
4967 7471
5712 3489
6204 5870
6249 6220
3377 4203
2667 3887
4741 654
4930 1877
7415 3462
8543 7760
162 4163
5286 7980
820 7035
1947 199
5559 5750
3782 7734
6922 6607
1979 1085
6513 2632
5803 2311
3096 5537
6342 1531
2786 1184
3208 7730
5549 7499
6873 41
7313 1596
5721 7423
4504 3709
485 2287
1866 2936
2890 8381
139 1926
1050 6341
5008 7373
622 501
2239 857
3006 645
5378 6631
151 1248
5768 1719
6378 7998
3839 2633
4228 4837
5274 8168
7410 5252
1573 6347
1205 4839
5741 7195
5946 403
7847 5624
7949 5512
4816 5747
5103 2824
3088 3393
1616 5452
4100 2768
7169 4963
7259 7534
7985 4294
4363 5724
421 713
4478 1060
1269 3539
3474 8057
7716 6860
2324 3263
4452 3108
4676 5766
5505 5933
1893 7010
5685 1337
4104 4875
8356 102
8398 226
6815 1135
3545 8573
1679 7310
6066 7698
1911 5851
4911 6267
5192 4871
7504 1221
656 1856
738 5908
6899 7178
1107 3261
3151 2161
4917 6062
5618 4505
4936 7175
1471 4228
2042 8458
4803 5491
7997 4333
1440 2960
6810 4628
779 6391
4643 7628
263 1502
1150 7968
3984 4781
1716 7484
2430 4838
8368 6423
1501 2100
1524 3686
6115 6600
7705 6613
8086 906
346 8420
2444 8447
4374 3594
5516 7140
401 911
5363 7136
6163 2057
887 5831
5197 5699
927 6453
1038 2254
2972 136
5099 7269
7833 3087
6865 7552
2162 91
2208 4667
4664 2485
5523 5164
5484 3786
782 17
5989 8391
6274 6420
8016 7190
8179 6697
8409 230
4899 5753
5628 6395
424 4918
2474 1103
3484 3079
3080 559
7018 8037
7547 118
6702 6626
3116 6103
304 3433
2530 4211
7778 7085
4137 4859
7955 6336
1412 2679
4834 6004
2888 3323
1519 401
7157 4240
8485 795
2179 6372
7614 571
3968 1222
3366 7813
3010 3997
3173 7836
5817 2271
2930 6373
2938 5716
7158 7508
3680 6449
6987 1439
1775 4444
7062 4358
4449 2846
6499 6615
1622 6642
1779 7803
2700 2535
7937 7290
3904 6973
2977 2175
1410 2306
4912 2700
5235 5438
1978 5882
542 4032
6796 2790
5899 7498
7125 7364
931 1174
3423 3931
6127 7330
4091 3844
3602 595
2636 6657
511 1275
7392 1162
8069 3588
3222 3688
567 1158
4600 57
3734 5174
2270 3620
7288 5574
4649 6313
1382 6414
847 3218
669 2564
2556 7879
5299 6830
1231 8196
3760 3804
6660 7772
6052 4451
3390 3301
739 8323
7688 7462
8519 3074
786 5342
6908 4019
4842 6968
2237 2137
4749 4034
4155 1568
1227 7223
1143 3865
5566 1229
977 5037
1883 308
2907 6965
5427 7820
7681 8297
1082 3477
4846 4079
3051 7397
4265 1505
7676 7167
4231 2759
6350 4184
6014 1313
3821 2159
4258 4058
2774 0
4847 1760
5985 1006
2053 6523
2731 5700
5956 1203
4944 6638
4673 8105
2384 1925
3213 5481
4280 4274
3130 3138
3195 2195
6585 5173
3416 7124
3494 508
3799 3339
6920 7864
5786 7056
5681 5259
6852 2359
4869 1081
7952 7702
7574 2423
6744 2291
1126 4304
1289 8053
1565 3219
1821 3668
2465 1615
3062 4383
3739 6148
3989 1262
4229 4370
5622 4931
6377 4923
6668 5498
7417 2763
7835 7633
8312 382
2 8548
330 2572
1401 4260
7075 3278
836 7701
905 2619
1215 1446
1372 5931
2093 7995
2600 3853
3095 7958
4193 2400
4393 5202
4961 5178
4963 4457
5007 3812
5312 3799
6483 3362
7395 1157
8074 4693
8229 1224
797 3354
3204 6674
3275 4332
4181 271
4286 8208
4416 6286
4581 7931
4591 3173
5703 1886
5995 1235
6336 7033
7667 5717
1033 6321
1507 2710
2924 5977
3992 5781
5346 7231
6263 6906
6 975
590 6091
2257 8215
2730 1282
3163 651
4185 2649
5592 6083
5607 6397
6016 1353
6958 4598
7200 7365
8107 5033
150 3960
634 4021
1280 2239
3660 8338
3901 7519
4082 6995
4640 7177
7268 4071
8186 3058
1177 5964
1539 453
2116 669
3185 8436
4115 4732
5362 4210
7497 5705
7599 1982
7838 4252
8314 2526
867 3264
1148 4169
3468 7726
5478 5911
2711 7058
3274 2898
3473 3105
7021 4961
164 1903
262 1460
672 4424
912 7769
1009 8033
1385 5935
1521 4202
1938 3244
2887 7276
3192 839
3283 5714
3764 3125
4960 5663
5271 4095
6473 3847
6929 6920
8504 4765
7448 73
710 5975
1722 856
1744 6863
1835 4011
4078 1556
4236 6152
4994 2604
7842 7314
1743 5492
4407 6843
5810 2699
6288 5949
6574 8106
6941 4582
7710 7245
8095 2854
381 3223
4386 2017
6044 5227
6149 6133
7580 3319
2051 7839
4218 4220
4369 272
4857 871
101 720
1912 4471
5027 8393
6107 3409
6165 125
6786 343
6983 7059
7802 3086
8065 379
2154 4532
4207 2320
4946 8329
6004 3147
8510 5883
2612 2269
2693 2552
3313 2769
3435 412
3493 238
5043 6586
6231 155
7043 6688
7514 2323
8155 7712
272 6233
398 2416
1333 5112
1977 3650
4024 6741
6556 8400
7866 4571
1283 7555
2763 95
4359 7086
8572 3674
1678 5278
1900 5899
2054 2203
4871 6705
1673 6438
2841 1082
7851 2550
6918 4135
1559 3583
1909 1338
5283 1151
7034 1673
8162 2608
33 5729
2280 5961
2764 6037
34 6441
460 5840
762 1286
3139 5211
2019 4549
2867 7478
4074 8466
5663 809
7991 7521
172 1859
3065 5954
4760 4249
7656 5061
4523 3300
4587 5143
4856 8026
5652 678
6146 6030
734 3366
5148 7717
7899 7824
557 3355
824 3126
5915 7681
3721 5226
3949 4175
5536 204
5826 8032
998 8409
973 2561
4273 5418
4695 1428
4984 5569
5002 4114
6712 5448
6998 4489
8055 1042
8094 872
8404 5996
1149 4151
1980 1061
3353 2043
3630 3694
6318 1755
6359 2445
7077 6665
1196 1756
6093 7444
7513 5712
264 31
2289 380
5797 2522
6094 3832
2655 7129
385 5358
2569 1712
5573 7039
7895 4415
7122 6198
7401 6750
1765 5368
8526 3680
409 700
1005 1749
3183 6081
2269 5847
2567 3715
6242 5970
6596 6122
6863 843
6738 5299
8457 1938
5020 1435
2961 701
5284 7108
881 2486
3693 2368
4263 2951
1222 7873
4225 6746
274 2367
5977 4478
7790 4115
7914 7637
8486 4373
8476 1829
2676 4606
3364 3908
6308 2669
6579 5069
6649 1384
7188 3179
7897 8551
1826 302
2591 5578
3488 4217
5068 6568
613 1463
2377 474
3258 4077
3814 7559
5420 2391
6169 2705
7533 103
7720 1909
451 6976
2459 4248
4573 709
7883 3364
8557 2877
648 7927
3179 3634
3684 7753
4622 1983
6113 1966
6955 3247
3446 3381
3935 4629
1671 2049
266 6874
3003 1600
3512 1405
6406 7610
6808 2794
6856 7487
2602 5093
2775 4539
5752 8503
6850 6217
5954 5884
4716 869
2608 6281
3223 6900
7494 7686
5050 2855
313 622
2994 1928
8009 1889
6380 3050
281 1899
1134 4487
6396 83
4659 4630
6565 4968
2792 6997
2413 6350
6957 1385
8573 6656
5480 4099
2000 7337
1562 7818
5249 4138
6050 8051
6956 4257
140 3509
4447 1543
240 1152
3699 2503
6111 434
345 600
6434 2584
3722 3092
4986 7238
3724 3787
4401 5665
8102 666
3101 3748
8494 3504
1068 2092
1737 2130
2819 1018
5591 3502
3094 8119
8311 873
3967 4780
1144 6092
5870 1225
3146 6661
7136 5846
1210 2128
3439 7756
4323 3615
5421 7994
464 3999
8382 8330
1314 5693
2339 7355
5327 5416
5877 1109
6776 8041
754 3596
7263 7012
287 6246
1766 4787
6220 6785
4144 8231
7658 1509
1078 4201
2902 5064
4874 3500
3555 93
7605 3631
248 1440
7486 1722
2048 8491
1506 1860
784 4098
4887 2645
5223 1104
6453 3279
1828 760
5344 4314
439 1303
2329 7155
6888 4798
7852 6197
8444 6182
3347 89
4687 1449
2927 3789
4069 2760
4934 1783
1602 4993
317 4776
7170 4305
4714 7545
6648 2093
2785 7438
2812 7360
2021 7405
7709 7919
1495 5589
1996 6158
2868 7274
4537 3
3478 1571
402 3757
2095 378
1536 7242
3147 4926
6551 6155
4289 2328
4142 2673
3015 7323
8527 3598
4894 4887
7736 6913
7357 3061
8013 5248
7702 5828
2187 4600
2031 391
5562 5743
7481 1676
7944 2192
696 6408
5540 1332
4660 5976
1942 2089
2253 2979
989 2771
2069 5447
3265 7152
3571 724
4362 1316
1212 5794
7331 6000
5926 431
6775 2662
8577 4675
3017 7837
4792 1513
1560 6053
3820 6714
5049 1188
2192 7853
5508 150
6578 4225
5667 3248
3978 6159
3536 1315
7001 1930
5577 5632
5456 6749
5022 3737
5275 7770
6355 6376
6445 5905
3586 7595
102 5052
1467 5090
2728 8094
5390 3333
6198 1409
2225 3699
214 7281
1564 5190
2570 6576
3369 5871
4395 8349
4824 2825
5373 5900
7992 5484
4020 8184
6285 5189
538 3420
637 3207
3550 5066
9 7116
4122 7229
7696 4286
1760 5806
2621 2692
3426 6221
4348 1653
5544 1062
7143 805
8159 1416
2540 6384
2690 6190
365 3626
7072 1318
2757 4550
4048 2232
456 2315
8174 4563
230 4873
430 655
3261 2545
2041 184
2639 5984
8378 7601
104 3024
7765 3890
4179 7699
8425 7475
7840 1468
801 7922
7029 520
7575 6042
4494 4423
6346 5487
2435 2488
5471 3601
6511 2219
3075 1223
5180 8300
5317 1142
5134 5166
6183 6237
1601 2852
1605 5952
1794 6532
7387 3313
47 3560
765 3447
2322 6443
5860 3338
5976 985
6479 5384
3165 4860
5688 5106
1124 6229
1733 6722
8022 5869
3972 661
4896 930
6628 4627
6086 195
3634 850
1403 338
893 2491
6689 1771
7003 6023
7246 849
3600 1023
2719 7148
5489 6873
6480 6721
8039 4113
8315 7647
3307 5423
3548 5035
7612 5269
4785 7097
6153 5097
7854 5623
7909 3977
1373 235
3659 4519
1798 5161
5316 7985
5217 7018
5831 5790
1321 5352
3944 7884
8090 3463
2240 6847
7728 7485
1804 3059
7977 5914
4398 5301
6110 3069
7316 3166
1833 1919
5397 3082
4557 280
2248 687
2272 4196
1254 486
1895 3657
3114 7291
5267 6557
4689 4413
2243 8294
3663 4811
243 7586
6154 3987
4747 2167
7510 2007
5245 2245
2573 1243
7264 7535
328 8049
2897 5034
8521 1852
8126 5231
433 2844
442 3842
3454 2154
7781 1132
7877 3304
6170 3285
1863 6861
4484 5514
3145 7061
6697 8133
1469 731
4042 5702
6890 7218
6157 301
6392 5599
7255 5545
299 1481
2046 7112
2800 6421
8023 2444
1197 745
3906 3649
2706 2165
3140 428
5110 4390
5672 104
6077 2524
6981 6206
3220 5080
4913 896
1682 7992
5413 2190
3720 612
2025 5387
4412 6735
3397 4616
6160 893
7114 6812
7827 112
4725 2009
6136 7361
8188 3857
3647 4715
1032 572
2967 5544
3465 6556
6718 5535
7584 6315
7414 8221
3073 5613
4953 3743
5889 1649
7334 2369
584 3866
2921 4779
7456 6691
5905 3057
395 4414
1851 7594
5666 4318
6709 1716
518 7309
2829 1040
7784 2006
2334 4126
6243 4018
2773 7631
2959 3016
468 4596
3421 2863
4744 3233
3087 4396
5252 4465
6038 2220
6155 198
7630 8442
1807 7260
7650 6559
6913 5927
5439 6247
4723 563
3927 680
3008 4251
1676 7831
6098 3761
3148 7469
462 8218
7231 7797
6914 3515
1626 921
7351 2215
6486 5727
8052 5073
8393 418
1224 26
5433 3335
4420 3732
4320 8127
7287 6020
5771 432
1211 7374
3068 3002
1694 8059
1054 1845
8424 233
4418 7711
3456 6487
5244 2435
2063 2268
4482 5725
1645 1827
3685 3186
2501 779
3718 4995
4220 3443
5942 2624
7683 2317
922 149
8522 3025
941 6287
1787 676
3296 6063
8252 7750
896 960
